   0.0000000e+00   0.0000000e+00   0.0000000e+00   0.0000000e+00  -1.7347235e-18   0.0000000e+00
   2.4153634e-02   3.4394537e-03   2.0032363e-02  -2.0533825e-04   5.0252382e-04   3.4026529e-04
   8.1568981e-03   2.2863989e-02  -1.2033229e-02   5.5298487e-04  -5.0816742e-05  -2.3419023e-04
   2.5168501e-02   3.0953934e-02   1.0306542e-02  -3.2983973e-04   1.3350049e-04  -8.0649856e-05
   1.1168101e-02   7.2370129e-03   1.1489659e-02   4.9904616e-04  -1.0266376e-04  -2.9959573e-04
   8.2134963e-03  -1.1419152e-03   4.8694512e-02   4.8064532e-06   2.3713151e-04   3.7818766e-05
   1.0762191e-02  -5.0111720e-03   8.7041272e-03   1.4111454e-03  -5.3667538e-05  -8.0103880e-05
   3.1148861e-02  -7.9043620e-03   2.1537461e-02   1.2822978e-03   4.4296205e-04   2.6710331e-04
   2.1163921e-02  -5.9200025e-03  -1.4443869e-02   2.3408973e-03   1.6670830e-04   6.3831220e-05
   3.0398763e-02  -1.0674777e-02   8.0985380e-03   1.4609003e-03   3.6219811e-04   6.4059594e-04
   1.6073859e-02   5.7280595e-03  -3.6463112e-02   3.3163808e-03  -7.7994017e-05  -4.0891914e-04
   4.6938317e-02  -4.4972166e-03   1.4718811e-02   1.3148600e-03   2.8028281e-04   5.2070333e-04
   1.8061964e-03  -2.7531992e-04  -4.9084138e-02   4.1756161e-03  -3.7187102e-04  -6.1748394e-04
   3.2276770e-01  -2.9566133e-01   2.2954990e-01  -1.5310597e-02   4.1928533e-03   9.5968729e-03
   3.6947089e-01  -2.4007760e-01   3.6279160e-01  -2.1821452e-02   5.2991529e-03   1.1638993e-02
   3.2005300e-01  -1.8947964e-01   2.9573251e-01  -1.7120439e-02   4.0720543e-03   8.9662568e-03
   3.6254815e-01  -1.8370928e-01   2.5773920e-01  -1.7557242e-02   4.1088043e-03   9.3964928e-03
   3.4460337e-01  -1.5374076e-01   2.1992460e-01  -1.4794559e-02   3.6153190e-03   8.6682008e-03
   3.4188201e-01  -1.6765150e-01   1.9843169e-01  -1.4670906e-02   3.4220371e-03   8.5597518e-03
   3.1565933e-01  -1.5644534e-01   1.9652147e-01  -1.2252822e-02   3.2876540e-03   7.8501129e-03
   2.9963510e-01  -1.7278522e-01   1.9132089e-01  -1.2469698e-02   3.1676746e-03   8.0899248e-03
   2.8447872e-01  -1.5020793e-01   1.9666305e-01  -1.1374658e-02   3.3207940e-03   7.7424190e-03
   2.8317059e-01  -1.3661878e-01   1.1709102e-01  -1.0903641e-02   3.0841169e-03   7.5704306e-03
   2.8300830e-01  -1.1906006e-01   1.6333614e-01  -1.0218356e-02   3.6023669e-03   7.4892271e-03
   2.7170312e-01  -1.7169942e-01  -3.5310231e-02  -8.3061216e-03   1.8910278e-03   7.9496940e-03
   2.7862736e-01  -2.0250018e-01  -1.2562814e-01  -7.0135684e-03   2.2365346e-04   7.6814684e-03
   3.1814944e-01  -1.5321907e-01  -3.3596276e-04  -7.0396789e-03   1.7748685e-03   7.2732277e-03
   2.9450262e-01  -1.1385549e-01  -8.8757362e-02  -5.0117669e-03   1.0728874e-03   7.1111550e-03
   2.8042426e-01  -9.6104037e-02  -2.8159156e-03  -5.4789214e-03   1.7348394e-03   6.6110724e-03
   2.9602350e-01  -1.2107660e-01  -1.7874043e-02  -3.8835080e-03   1.1923077e-03   6.9389979e-03
   2.9723358e-01  -1.2255575e-01   3.0889641e-02  -4.4747142e-03   1.3464498e-03   7.0103946e-03
   2.9384944e-01  -1.1350756e-01  -5.0939045e-03  -3.6859304e-03   1.1010679e-03   6.7704837e-03
   2.9199110e-01  -9.6387001e-02  -2.8576286e-02  -3.6191287e-03   1.5406677e-03   6.6684744e-03
   2.7206110e-01  -8.6189415e-02  -5.9845224e-02  -2.5575282e-03   1.2752689e-03   6.5883355e-03
   2.8735474e-01  -9.8513628e-02  -4.7615106e-02  -2.9271517e-03   1.6650677e-03   6.7037250e-03
   2.6789422e-01  -8.8106384e-02  -6.2390306e-02  -2.2885486e-03   1.2566366e-03   6.3181998e-03
   2.7345915e-01  -7.2095681e-02  -4.1931802e-02  -2.8337293e-03   1.6581443e-03   6.5676592e-03
   2.7435929e-01  -7.6860146e-02  -5.0744145e-02  -2.3857220e-03   1.4440708e-03   6.3508717e-03
   2.8590252e-01  -8.5325273e-02  -2.6537871e-02  -2.3753364e-03   1.3862527e-03   6.5052187e-03
   2.6689948e-01  -1.0038127e-01  -4.1337314e-02  -1.8165453e-03   1.4074190e-03   6.4934044e-03
   2.8888161e-01  -1.0346416e-01  -3.1499529e-02  -1.9436081e-03   1.6359437e-03   6.1811711e-03
   2.6460637e-01  -1.0477714e-01  -2.6643825e-02  -2.0556320e-03   1.5402951e-03   5.8061250e-03
   3.0155514e-01  -1.0555449e-01  -5.0212119e-02  -1.7534405e-03   1.7699874e-03   6.3800877e-03
   2.8864543e-01  -8.7411646e-02  -6.7680474e-02  -1.5156786e-03   1.6518460e-03   6.2868434e-03
   2.7576759e-01  -7.5188387e-02  -8.2170453e-02  -1.1241465e-03   1.7443182e-03   6.1924636e-03
   2.4683524e-01  -7.8263261e-02  -9.7153593e-02  -4.5936124e-04   1.8299853e-03   5.9319237e-03
   2.6021715e-01  -8.2015283e-02  -7.3752462e-02  -1.0564335e-03   1.7363301e-03   5.9578384e-03
   2.3601266e-01  -8.6834659e-02  -9.9526785e-02  -5.0788112e-04   1.9281260e-03   5.6244986e-03
   2.4535335e-01  -8.3189430e-02  -1.2333870e-01  -7.9292030e-04   1.8990463e-03   5.7554094e-03
   2.3981371e-01  -7.8584020e-02  -1.2329451e-01  -9.6805919e-05   2.0026024e-03   5.4041421e-03
   2.3351723e-01  -7.1771289e-02  -1.2492288e-01  -5.2884810e-04   2.1500959e-03   5.5122774e-03
   2.4177605e-01  -8.2142280e-02  -1.1660359e-01   2.6981433e-04   1.7319733e-03   5.8188058e-03
   2.4617876e-01  -7.0102828e-02  -7.9837661e-02  -8.8007401e-04   2.0066075e-03   5.5243722e-03
   2.1202056e-01  -7.2864283e-02  -1.5984912e-01   4.2301673e-04   2.1865132e-03   5.6011780e-03
   2.3467817e-01  -6.5259921e-02  -1.3420250e-01  -9.2923013e-04   1.9105169e-03   5.2830899e-03
   1.2694989e-01  -6.4240547e-02  -1.9111222e-01   3.6440113e-03   2.3440839e-03   5.2642679e-03
  -3.0880355e-02  -1.2314512e-01  -5.4100581e-01   3.9507000e-03   3.5304883e-03   4.9946462e-03
   1.0718515e-01  -9.4655990e-02  -4.4705211e-01   6.8211375e-04   2.7953036e-03   3.5413868e-03
   9.2565100e-02  -7.2696234e-02  -3.6288525e-01   9.7118210e-04   3.4471020e-03   3.6576091e-03
   1.0626562e-01  -8.2247340e-02  -4.7135740e-01   2.6499363e-03   3.2103385e-03   3.3451011e-03
   1.1108063e-01  -8.1695541e-02  -2.7223241e-01   1.1547487e-03   3.3040647e-03   3.2231093e-03
   1.2196585e-01  -1.0059264e-01  -2.8962895e-01   6.2441116e-04   2.9946223e-03   3.0317871e-03
   8.5354925e-02  -9.7536624e-02  -2.6705960e-01  -2.8703170e-05   3.0853793e-03   3.0189778e-03
   7.3531750e-02  -8.3466600e-02  -3.1546505e-01   4.4014310e-04   2.7727798e-03   2.3348194e-03
   7.2876131e-02  -5.6447749e-02  -2.9912058e-01  -1.8743027e-04   3.2220435e-03   2.7517530e-03
   1.0194155e-01  -4.0184148e-02  -3.2632066e-01   1.6615298e-03   3.4157793e-03   2.8732961e-03
   1.9229302e-02  -5.8923841e-02  -3.5647120e-01   2.2754140e-04   3.1531442e-03   2.3237886e-03
   6.3994641e-02  -5.6076526e-02  -3.4000652e-01   8.4281971e-04   3.1084847e-03   1.9750273e-03
   8.8474192e-02  -7.4249331e-02  -2.8511920e-01  -4.7966174e-04   3.2020832e-03   2.7130639e-03
   1.0012198e-01  -7.9701152e-02  -3.4055136e-01   5.7737273e-04   2.9697299e-03   2.5846692e-03
   9.3196824e-02  -7.0809911e-02  -2.2616184e-01  -7.5918079e-04   3.3384163e-03   2.5690096e-03
   8.4708168e-02  -8.6052420e-02  -2.8504116e-01   1.1402176e-03   3.0866951e-03   2.2172356e-03
   1.0627777e-01  -1.0210413e-01  -1.5018922e-01  -1.7592763e-03   3.2916141e-03   2.9080480e-03
   9.6898127e-02  -1.0013547e-01  -5.8012726e-01   6.6815596e-03   1.2987133e-03   3.0957708e-03
   1.2892206e-01  -1.6800172e-01  -1.6302976e-01  -1.1211902e-02   2.6721198e-03   3.9763137e-03
   1.2877720e-01  -1.5255801e-01   3.8343979e-01  -2.3145021e-02   4.1201798e-03   3.4718725e-03
   9.7615859e-02  -1.2864788e-01   2.0314468e-01  -1.7575741e-02   3.6078576e-03   2.6453441e-03
   1.1929100e-01  -1.2895422e-01   3.2990333e-01  -1.9575908e-02   3.7038926e-03   2.6887314e-03
   4.3034050e-02  -1.7459857e-01   1.0026454e-01  -1.5258234e-02   4.1286782e-03   2.1780182e-03
   5.2677224e-02  -1.7201096e-01   9.5674448e-03  -1.4435066e-02   3.8902680e-03   1.6805820e-03
   1.7605462e-01  -1.8159293e-01   3.7460664e-01  -2.3114374e-02   4.1306449e-03   4.0341874e-03
   2.3502927e-01  -1.5085553e-01   8.4747661e-01  -2.9916059e-02   4.9339489e-03   4.7299174e-03
   1.4919304e-01  -1.0847113e-01   5.8045807e-01  -2.4381967e-02   4.4188449e-03   3.3970280e-03
   1.2060884e-01  -1.4830179e-01   4.7507782e-01  -2.4476605e-02   4.2728536e-03   3.3266284e-03
   1.2936105e-01  -1.5164273e-01   3.8056383e-01  -2.1218681e-02   4.1599531e-03   2.9989828e-03
   1.3708306e-01  -1.5961840e-01   3.8475875e-01  -2.1328327e-02   4.4407757e-03   3.0836909e-03
   1.2188443e-01  -1.5168152e-01   2.4865347e-01  -1.9535727e-02   4.0033818e-03   2.9106492e-03
   1.4507341e-01  -1.5615360e-01   3.8193629e-01  -2.0761870e-02   4.4465034e-03   3.0300532e-03
   1.1497194e-01  -1.7673148e-01   2.8889809e-01  -1.8692404e-02   4.3592062e-03   2.7672743e-03
   1.3659744e-01  -1.8581653e-01   4.0746663e-01  -2.0347418e-02   4.2503365e-03   2.7321923e-03
   1.0747049e-01  -1.7978788e-01   2.8933539e-01  -1.8703328e-02   4.0503824e-03   2.5290988e-03
   1.3643272e-01  -1.5402790e-01   4.4170192e-01  -2.0985961e-02   4.0470231e-03   2.5732844e-03
   7.4528074e-02  -1.2058318e-01   9.3876118e-03  -1.5707477e-02   3.5286818e-03   1.9959978e-03
   7.4985227e-02  -1.5185980e-01  -8.8133669e-02  -1.7069372e-02   3.3375843e-03   2.6537724e-03
   9.7614607e-02  -1.3357725e-01   1.4935162e-01  -1.9070313e-02   3.2675367e-03   1.7036903e-03
   7.2781561e-02  -1.2784408e-01   6.2433525e-02  -1.7196991e-02   3.6966263e-03   1.8140434e-03
   9.2406337e-02  -1.5534840e-01   1.5272557e-01  -1.7620883e-02   3.5876809e-03   2.0736397e-03
   1.0799295e-01  -1.8009837e-01   1.3653454e-01  -1.6961022e-02   3.5780879e-03   2.3399777e-03
   1.0836725e-01  -1.8883751e-01   1.4247177e-01  -1.6905267e-02   3.5265632e-03   2.2464948e-03
   1.0437952e-01  -1.7720848e-01   8.5464002e-02  -1.6447436e-02   3.5916573e-03   2.5267823e-03
   8.4815360e-02  -1.5936948e-01   7.7923968e-02  -1.6093768e-02   3.7012357e-03   2.0240915e-03
   9.0922488e-02  -1.5575244e-01   4.8903832e-02  -1.5784219e-02   3.4443230e-03   2.0132445e-03
   8.2424917e-02  -1.4180569e-01   6.1376996e-02  -1.5401114e-02   3.3820786e-03   1.8326333e-03
   9.0851648e-02  -1.5009972e-01   7.5370841e-02  -1.5869274e-02   3.4254445e-03   1.9718831e-03
   8.0028209e-02  -1.4853680e-01   8.4785298e-02  -1.5647552e-02   3.7127329e-03   1.7942986e-03
   8.4618794e-02  -1.5415886e-01   7.4825608e-02  -1.5619307e-02   3.5313171e-03   1.7666063e-03
   8.4263232e-02  -1.4285974e-01   3.6556947e-02  -1.5241295e-02   3.5643338e-03   1.6639395e-03
   1.0397296e-01  -1.3565022e-01   3.1721514e-02  -1.5420102e-02   3.4725164e-03   1.6954544e-03
   1.0321784e-01  -1.4999716e-01   4.7357938e-02  -1.5093209e-02   3.4909167e-03   2.1139191e-03
   9.3591700e-02  -1.6604094e-01   8.9876788e-02  -1.5548450e-02   3.8249317e-03   1.9662585e-03
   1.0180734e-01  -1.5413498e-01   6.4187319e-02  -1.4343993e-02   3.8793394e-03   1.8052588e-03
   1.0653420e-01  -1.4836143e-01   3.3478465e-02  -1.4539797e-02   3.7166319e-03   2.1213831e-03
   8.5538174e-02  -1.2213891e-01   8.6353395e-02  -1.4661060e-02   3.6745475e-03   1.5525333e-03
   5.8015660e-02  -1.2758915e-01   6.1829837e-02  -1.5098848e-02   3.8436783e-03   1.6346427e-03
   5.1124439e-02  -1.3899737e-01   5.0953687e-02  -1.4284450e-02   3.6630419e-03   1.5357684e-03
   7.4027169e-02  -1.4886711e-01   1.1577088e-01  -1.5491067e-02   3.7000936e-03   1.6544488e-03
   8.0246822e-02  -1.3388065e-01  -1.3138194e-02  -1.2889478e-02   3.8323010e-03   1.8175586e-03
   6.2025712e-02  -1.6335722e-01  -2.9072049e-01  -1.1380937e-02   2.6490601e-03   2.1992271e-03
   9.0971491e-02  -1.4944256e-01   7.2178643e-02  -1.9784990e-02   3.6309364e-03   1.8510419e-03
   9.9987654e-02  -8.6924481e-02  -4.1613310e-02  -1.4033302e-02   3.3261372e-03   1.6159161e-03
   9.0600685e-02  -1.2205604e-01  -8.1411872e-02  -1.3472717e-02   2.7252775e-03   1.8522417e-03
   1.2060822e-01  -1.4334236e-01  -4.5935998e-02  -1.1657656e-02   3.7736881e-03   1.6434166e-03
   8.7527902e-02  -1.5433249e-01  -7.3986821e-02  -1.2552676e-02   3.4440705e-03   1.3247492e-03
   7.8087671e-02  -1.4241061e-01  -7.6939277e-02  -1.1757934e-02   3.7749046e-03   1.5451427e-03
   6.6218397e-02  -1.3038956e-01  -8.7516047e-02  -1.1489449e-02   3.6873244e-03   1.1743950e-03
   7.0829508e-02  -7.3433665e-02  -2.8712153e-03  -1.0437364e-02   3.9099172e-03   1.0085717e-03
   1.1675115e-01  -3.8372216e-02   5.5360621e-01  -1.2647608e-02   3.7210272e-03   1.1611832e-03
   1.8981933e-01  -2.9466305e-02   7.9384059e-01  -8.7554819e-03   3.9853916e-03   1.5199303e-03
   1.5720824e-01   6.9283259e-02   1.2864748e+00  -5.4534025e-03   3.4766529e-03   6.8400260e-04
  -9.4258118e-02   2.0372588e-02   5.7812137e-01  -6.2929056e-03   4.5620967e-03   6.5827291e-05
  -1.1355656e-03   3.9009432e-02   8.3546980e-01  -9.1011161e-03   4.8285145e-03  -2.8292557e-04
   3.6647716e-02   5.3797323e-02   7.6370630e-01  -8.5143621e-03   5.0208048e-03   2.6938752e-07
   7.1698100e-02   5.2107351e-02   8.2148986e-01  -7.8696985e-03   5.1704378e-03   3.3732426e-04
   8.4673960e-02  -8.5942315e-03   8.8593673e-01  -8.6611356e-03   4.9236655e-03   3.2471263e-04
   8.5859557e-02  -6.3336407e-02   8.3900865e-01  -8.9116375e-03   4.7633713e-03   4.5836045e-04
   1.0982236e-01  -5.1115104e-02   6.7421136e-01  -8.6217935e-03   4.8050900e-03   4.8123039e-04
   1.0581570e-01  -1.0521886e-02   6.5793021e-01  -8.7999780e-03   4.7657326e-03   3.7430397e-04
   7.6503392e-02  -3.2712014e-03   6.3451939e-01  -8.9153075e-03   5.0255944e-03   4.6670615e-04
   7.4741138e-02  -1.7731967e-02   6.6151037e-01  -8.0108460e-03   4.7892714e-03   5.6036946e-04
   4.3694892e-02  -1.6593388e-02   5.9707372e-01  -7.6733131e-03   4.8625493e-03   2.4803591e-04
   5.7822834e-02   1.0078905e-02   8.4322103e-01  -8.0897168e-03   4.9281095e-03  -2.0735376e-05
   7.8039967e-02   3.6634655e-02   8.7752499e-01  -7.6580346e-03   5.2492060e-03   8.2281076e-05
   7.1260638e-02   5.0446101e-02   8.5153047e-01  -7.4298211e-03   5.4553442e-03  -1.6183603e-04
   7.9235881e-02   5.9690300e-02   7.6029083e-01  -4.9544340e-03   5.4376127e-03   3.0223351e-04
   1.0058224e-01   6.3884216e-02   8.2129178e-01  -4.7960132e-03   5.4941270e-03   3.2598036e-04
   7.4111074e-02   7.2325826e-02   7.3156301e-01  -4.5514487e-03   5.4625659e-03  -1.8732230e-04
   9.2468767e-02   7.2831863e-02   7.7844608e-01  -4.7704374e-03   5.6972528e-03   1.7397249e-04
   1.0659586e-01   4.8348315e-02   8.1613037e-01  -5.9281670e-03   5.7380388e-03   4.6326272e-04
   1.2519340e-01   2.6034616e-02   8.5495698e-01  -6.6682045e-03   5.4716436e-03   7.3919969e-04
   1.1702288e-01   1.3524840e-02   7.7583539e-01  -5.9197636e-03   5.3708434e-03   8.2326452e-04
   6.4095742e-02  -1.3394020e-02   4.0674284e-01  -5.5535168e-03   4.6811045e-03   6.1809644e-04
   1.1109906e-01   2.7311284e-02   4.3081740e-01  -4.3397883e-03   4.6060189e-03   1.0388639e-03
   1.5656283e-01   1.9617163e-02   3.4233614e-01  -2.7267426e-03   3.4458405e-03   1.9202567e-03
   1.4785518e-01   2.6360786e-02   3.8422069e-01  -3.5903273e-03   3.4586039e-03   2.0095172e-03
   9.0274907e-02   3.2934291e-02   3.0260319e-01  -1.0525258e-03   3.8174529e-03   9.8839466e-04
   8.2479394e-02   1.1087586e-02   4.1237188e-01  -6.9097862e-03   3.5104200e-03   9.4888475e-04
   9.1161227e-02   3.4308440e-02   5.0936008e-01  -7.1144453e-03   4.3795092e-03   3.8694668e-04
   9.2572525e-02   3.6386228e-02   4.2723590e-01  -5.3743719e-03   4.5923588e-03   1.3667450e-04
   1.0248517e-01   1.6413743e-02   5.2843659e-01  -6.0818089e-03   4.6041327e-03   4.4070322e-04
   9.6650516e-02  -1.3459147e-02   5.1610189e-01  -5.9931305e-03   4.3306418e-03   7.6832902e-04
   9.6093061e-02  -2.3945099e-03   5.7354255e-01  -6.5242717e-03   4.2973806e-03   4.8646940e-04
   8.5598368e-02   1.5545957e-02   4.8712947e-01  -5.1617834e-03   4.3535267e-03   4.1648795e-04
   6.9902175e-02   3.2410003e-02   5.0718491e-01  -5.4816162e-03   4.5209355e-03   8.9656333e-05
   9.0095720e-02   1.5526393e-02   4.7180402e-01  -4.9430853e-03   4.2402754e-03   4.2737729e-04
   8.5716182e-02   2.4040919e-02   4.9910046e-01  -5.2918839e-03   4.4155756e-03   3.6764981e-04
   9.6137408e-02   2.9704221e-02   4.8529840e-01  -5.0043328e-03   4.3659020e-03   2.4039022e-04
   1.0278950e-01   3.7907539e-02   4.9968248e-01  -5.3314060e-03   4.4889096e-03   2.7794257e-04
   9.3915947e-02   1.6166079e-02   4.6504189e-01  -4.9043249e-03   4.4956794e-03   2.9896436e-04
   9.5489456e-02   2.2675386e-02   5.1689962e-01  -5.1943428e-03   4.5138707e-03   1.2043335e-04
   1.0315661e-01   1.5209447e-02   4.8204374e-01  -4.8955373e-03   4.5125910e-03   3.3414704e-04
   9.6296575e-02   2.6929812e-02   5.1320644e-01  -4.8689965e-03   4.5991843e-03   3.4429419e-04
   9.2457419e-02   7.0835652e-03   4.4799142e-01  -4.5852359e-03   4.3862068e-03   4.5125942e-04
   1.0026040e-01   4.2707912e-02   6.0334085e-01  -5.1412562e-03   5.2981606e-03   3.1733612e-04
   6.3298713e-02   8.0097551e-02   5.5797661e-01  -2.8899526e-03   5.4436909e-03   2.1851040e-04
   5.9615001e-02   7.7674829e-02   5.3923440e-01  -2.6261867e-03   4.9874335e-03   3.2646097e-04
   5.9137944e-02   8.4206111e-02   5.7041570e-01  -2.3824177e-03   5.6596346e-03   2.4231709e-04
   6.8206130e-02   5.6600858e-02   5.4044697e-01  -2.7618321e-03   5.7011776e-03   5.4495502e-04
   8.1828803e-02   6.3374922e-02   5.9463579e-01  -3.0748279e-03   5.9207638e-03   4.4159984e-04
   7.7360902e-02   7.0733257e-02   5.6858916e-01  -2.7409210e-03   5.9136993e-03   3.9613411e-04
   6.6092780e-02   8.1625096e-02   5.7165669e-01  -2.0115793e-03   5.9900609e-03   2.8666726e-04
   7.9409028e-02   9.0035059e-02   5.7936752e-01  -2.0305530e-03   6.0789720e-03   6.4323603e-05
   7.2099214e-02   8.8345315e-02   5.9218267e-01  -2.3037634e-03   6.1451211e-03   5.0476422e-04
   7.0368423e-02   6.6782219e-02   5.5341448e-01  -2.5973912e-03   5.9713015e-03   4.4062909e-04
   7.8090330e-02   6.5811053e-02   5.1984288e-01  -1.8853005e-03   6.1901881e-03   7.2283030e-04
   7.3299878e-02   6.8997599e-02   5.5312128e-01  -2.6108829e-03   6.3014526e-03   5.5224434e-04
   6.1484186e-02   7.8834998e-02   5.3535739e-01  -1.7516972e-03   6.0547978e-03   1.2173394e-04
   5.3322416e-02   8.4899872e-02   5.4024106e-01  -1.7081343e-03   6.4231395e-03   3.0627679e-04
   7.4890966e-02   7.9530289e-02   5.6194102e-01  -1.6614108e-03   6.3477516e-03   4.5953792e-04
   6.0163221e-02   6.0787139e-02   5.6438737e-01  -2.6516186e-03   6.3804580e-03   4.8165439e-04
   8.4480434e-02   7.2935269e-02   5.4055760e-01  -1.5666095e-03   6.2642749e-03   7.7415558e-04
   7.0396876e-02   5.7192884e-02   4.2691983e-01  -3.0149024e-03   6.0765366e-03   1.4051376e-03
   4.0023856e-02   5.8089943e-02   4.9713115e-01  -3.7167687e-03   6.9069153e-03   1.0287768e-03
   5.3839067e-02   7.8474386e-02   4.9771870e-01  -2.4456957e-03   7.1440575e-03   5.0215844e-04
   6.2417793e-02   6.2143600e-02   4.9438017e-01  -2.8238095e-03   7.4081070e-03   7.8757860e-04
   7.0993376e-02   4.2492106e-02   5.4206558e-01  -3.3314951e-03   7.4033925e-03   4.9823877e-04
   5.2540640e-02   3.8544688e-02   4.8970872e-01  -1.7659467e-03   7.8278798e-03  -5.8685074e-05
   6.7660040e-02   4.2424011e-02   5.4112990e-01  -2.2662452e-03   7.5466879e-03   1.6358433e-04
   4.7923824e-02   5.2870070e-02   4.6323636e-01  -1.0993983e-03   7.5847187e-03   2.2541763e-04
   4.4001493e-02   9.0360985e-02   5.3354391e-01  -2.3724534e-03   7.7663887e-03  -2.1989079e-04
   9.8999662e-03   6.9075777e-02   4.5047303e-01  -6.9035138e-04   6.8979231e-03   1.8599536e-04
  -1.7485819e-01   2.0832452e-02   9.5528831e-02  -2.4776141e-03   5.0960884e-03  -1.0841592e-03
   8.8887986e-02   4.4981928e-02   4.9299686e-01  -8.6269241e-03   7.4803268e-03  -1.6908950e-03
   4.8504667e-02   5.6131182e-02   4.7895933e-01  -8.2926675e-03   7.2543502e-03  -1.3869095e-03
   5.7127913e-02   7.5378051e-02   5.0336529e-01  -7.5690401e-03   7.5628852e-03  -1.5122419e-03
   6.7748158e-02   3.6924686e-02   5.0357867e-01  -6.7593110e-03   7.8408050e-03  -1.0761100e-03
   1.7482084e-02   3.7351366e-02   5.1763798e-01  -4.7802854e-03   7.2483510e-03  -1.6699615e-03
   9.9374710e-03   1.0095769e-02   4.9126334e-01  -5.7985400e-03   5.3777993e-03  -3.1254505e-04
   2.0922065e-01  -8.8308763e-02   9.4027517e-01  -2.3882912e-02   2.9626942e-03   6.1012879e-03
