   0.0000000e+00   0.0000000e+00   0.0000000e+00   0.0000000e+00   0.0000000e+00   0.0000000e+00
  -3.0686187e-02   1.5013294e-02  -5.6866932e-02   6.9844178e-04   7.2835021e-05  -5.1722077e-04
  -5.2356939e-02   4.4681907e-02  -7.7984872e-02   2.6378447e-05  -6.3772190e-05  -1.1676236e-03
  -3.0904870e-02   4.4110199e-02  -1.3187416e-01   1.7301621e-03   5.6636476e-05  -9.2329324e-04
  -7.4135571e-03   3.0349968e-02  -9.2482652e-02   6.3749398e-04  -3.1323157e-04  -5.0575949e-04
  -1.6064166e-02   2.2858804e-02   2.2318192e-02  -4.9157958e-04   1.8937159e-04  -7.8180538e-04
  -4.5912348e-02   3.6059370e-02  -7.4793882e-02   1.1546833e-03   1.3216431e-05  -1.2281957e-03
  -3.1887793e-02   3.9645431e-02  -3.8585083e-02   8.4511126e-04  -1.2793802e-04  -1.2526318e-03
  -1.0648833e-03   3.4247370e-02  -1.2439808e-01   2.9704285e-03  -1.3271906e-03  -8.0237937e-04
   6.7648564e-03   3.0487069e-02  -6.0392459e-02   3.4466932e-03  -1.0879822e-03  -6.2238918e-04
  -3.6824936e-02   3.7958199e-02  -1.1704029e-01   2.8635315e-03  -8.8001879e-04  -1.3768442e-03
  -3.2240597e-02   3.8227465e-02  -9.6601953e-03   3.5582706e-03  -3.2007757e-04  -1.3542582e-03
  -7.7318390e-02   5.7299556e-02  -5.8957097e-02   3.3307509e-03  -1.0393572e-03  -2.2056492e-03
  -1.0983207e-01   6.4821898e-02  -2.5689800e-01   3.4710328e-03  -1.3744681e-03  -2.3726247e-03
  -8.6810601e-02   5.8313707e-02  -2.3435358e-01   4.3753574e-03  -1.3165306e-03  -2.2104756e-03
  -8.4368518e-02   5.5766851e-02  -3.0059322e-01   4.5469398e-03  -1.4426066e-03  -2.3956795e-03
  -5.3952514e-02   4.9856539e-02  -2.5498039e-01   4.4519778e-03  -1.6800481e-03  -2.2191972e-03
  -4.1513807e-02   5.5962598e-02  -4.0850728e-01   8.2921619e-03  -2.4575504e-03  -1.7375254e-03
  -4.8546608e-02   6.6021009e-02  -3.4290458e-01   8.3841092e-03  -2.0315622e-03  -2.6676329e-03
  -7.9232005e-02   4.3836954e-02  -3.3676807e-01   7.3688940e-03  -1.7042247e-03  -2.4349138e-03
  -1.0175671e-01   3.3442275e-02  -2.8452010e-01   7.2506400e-03  -1.4898588e-03  -2.6625542e-03
  -1.2014625e-01   5.4328565e-02  -3.8138662e-01   8.2798038e-03  -1.8243030e-03  -2.9122709e-03
  -1.1326075e-01   6.2445911e-02  -4.9833060e-01   1.0179790e-02  -2.5257334e-03  -3.0395081e-03
  -9.5179395e-02   6.3903567e-02  -4.3041573e-01   8.8292774e-03  -1.9497518e-03  -3.3260241e-03
  -1.3127247e-01   6.9836540e-02  -3.9616899e-01   8.7720404e-03  -1.7004928e-03  -3.6067363e-03
  -1.2809201e-01   7.2652041e-02  -3.8001655e-01   7.7130122e-03  -1.9076832e-03  -3.6827407e-03
  -1.3529950e-01   7.6478461e-02  -3.8596995e-01   9.0053421e-03  -1.7456389e-03  -3.7760147e-03
  -1.3162488e-01   5.5814928e-02  -3.8030018e-01   9.0331567e-03  -1.8625246e-03  -3.5779739e-03
  -1.4857004e-01   5.9330303e-02  -3.9817386e-01   9.0143188e-03  -2.0179248e-03  -4.3842989e-03
  -1.5052634e-01   6.8071593e-02  -4.4864286e-01   9.4782220e-03  -2.2891375e-03  -3.9989097e-03
  -1.7801510e-01   7.5435788e-02  -3.9131009e-01   9.1952969e-03  -2.1552322e-03  -4.2209011e-03
  -1.8433451e-01   4.4175875e-02  -3.8648349e-01   9.0767029e-03  -2.1936276e-03  -4.4535553e-03
  -1.7390896e-01   5.7786009e-02  -4.2260685e-01   9.1325618e-03  -2.1583429e-03  -4.5617018e-03
  -1.7861734e-01   8.6459587e-02  -4.5896357e-01   9.0164754e-03  -2.1376090e-03  -4.6792498e-03
  -1.8437081e-01   6.5738096e-02  -4.2173076e-01   8.8239655e-03  -2.2101879e-03  -4.5267723e-03
  -1.7320133e-01   5.1446409e-02  -4.1624992e-01   9.2296881e-03  -2.1665152e-03  -4.2939510e-03
  -1.7715858e-01   5.8150661e-02  -4.0754091e-01   9.7018828e-03  -2.0750494e-03  -4.3990335e-03
  -1.7872232e-01   6.1921059e-02  -4.4758732e-01   9.2220505e-03  -2.2385159e-03  -4.5607402e-03
  -2.0043140e-01   7.4893046e-02  -4.2417288e-01   8.8494277e-03  -2.0593049e-03  -4.7515584e-03
  -1.8806618e-01   7.0478219e-02  -4.4957965e-01   9.3068026e-03  -2.0729955e-03  -4.5421439e-03
  -1.9161410e-01   5.6961015e-02  -3.9231546e-01   8.9835737e-03  -1.9174284e-03  -4.6842795e-03
  -1.7581030e-01   5.3642104e-02  -4.5364858e-01   9.5381588e-03  -2.2720817e-03  -4.5480563e-03
  -2.1047665e-01   5.4904366e-02  -3.9602087e-01   8.5034880e-03  -1.4641856e-03  -4.3982026e-03
  -2.2513476e-01   5.0950942e-02  -5.8017888e-01   9.9919190e-03  -2.0669738e-03  -4.6211468e-03
  -2.2353864e-01   7.4430775e-02  -6.4939513e-01   1.1057628e-02  -2.7303702e-03  -5.3695174e-03
  -2.1676381e-01   8.6129193e-02  -5.2659749e-01   1.0535083e-02  -1.7662557e-03  -5.5327406e-03
  -2.5449244e-01   9.2312804e-02  -5.9092562e-01   1.1001416e-02  -2.1423664e-03  -5.6561618e-03
  -2.6031615e-01   8.4224620e-02  -5.1307141e-01   1.0657425e-02  -1.7790629e-03  -5.4516531e-03
  -2.6931715e-01   6.2643417e-02  -5.2210403e-01   1.1077004e-02  -1.5873245e-03  -5.4978987e-03
  -2.5557702e-01   5.4618922e-02  -4.8333444e-01   1.0583655e-02  -1.6947741e-03  -5.6118632e-03
  -2.8062039e-01   6.3800623e-02  -5.4778511e-01   1.0951721e-02  -2.0679432e-03  -5.6896653e-03
  -2.9228259e-01   9.5230541e-02  -5.7105458e-01   1.1079063e-02  -1.8810496e-03  -6.1761983e-03
  -2.9732185e-01   1.0818685e-01  -5.8683803e-01   1.1102765e-02  -2.1006527e-03  -6.0916397e-03
  -2.9557624e-01   1.0122050e-01  -5.6438550e-01   1.1093005e-02  -1.9100456e-03  -5.9232025e-03
  -3.0829503e-01   9.0672273e-02  -5.3564518e-01   1.0875262e-02  -1.5859405e-03  -5.9241706e-03
  -2.9006363e-01   8.0585396e-02  -5.3605032e-01   1.0881757e-02  -1.7192594e-03  -5.8674250e-03
  -2.7355381e-01   8.4239917e-02  -5.4044799e-01   1.0442008e-02  -1.9598998e-03  -6.0972724e-03
  -2.7165772e-01   8.0712411e-02  -5.5157028e-01   1.0918579e-02  -2.1314743e-03  -5.7308191e-03
  -2.9274611e-01   8.3487080e-02  -5.0986471e-01   1.0484360e-02  -1.6625953e-03  -5.9642817e-03
  -2.7788808e-01   7.8645584e-02  -5.8356040e-01   1.2162168e-02  -1.9998101e-03  -5.6543094e-03
  -2.9203914e-01   7.9055109e-02  -5.4210292e-01   1.0554882e-02  -3.1275925e-03  -5.4009097e-03
  -2.3955632e-01  -2.7583676e-02  -1.6124328e-01  -3.5527848e-03  -3.3695000e-03  -2.7786974e-03
  -1.7814829e-01  -7.8021771e-02   9.0401812e-02  -1.4549574e-02  -4.8527462e-03  -7.1156601e-04
  -1.9548371e-01  -7.4752351e-03   4.3871876e-02  -9.8724344e-03  -3.8616086e-03  -2.5839410e-03
  -2.1390972e-01  -3.7659971e-03  -5.1584210e-02  -8.5617898e-03  -4.0654770e-03  -3.0532610e-03
  -2.2469985e-01   7.5059851e-03  -5.6805414e-02  -7.9763976e-03  -3.4358494e-03  -3.5058220e-03
  -2.0677882e-01  -1.4013538e-02  -1.0732939e-01  -6.7379449e-03  -3.7118546e-03  -3.4041666e-03
  -2.1752788e-01  -1.4753496e-02  -8.7420374e-02  -6.4038811e-03  -3.4141212e-03  -3.4699425e-03
  -2.2585998e-01  -1.8129496e-02  -1.3268794e-01  -5.3535772e-03  -3.7157118e-03  -3.3865648e-03
  -2.3158349e-01  -5.6423834e-04  -1.6020381e-01  -3.9192667e-03  -3.3660349e-03  -3.5523709e-03
  -2.2291479e-01   5.3019438e-03  -1.9466426e-01  -3.4710778e-03  -3.5797068e-03  -3.4496344e-03
  -2.3860969e-01   1.2591069e-02  -2.1018449e-01  -2.5530491e-03  -3.3340113e-03  -3.7478804e-03
  -2.3955653e-01  -9.2845040e-03  -1.8744774e-01  -2.8144958e-03  -3.3487160e-03  -3.9713488e-03
  -2.2657183e-01  -8.1347866e-03  -2.0984816e-01  -1.7959562e-03  -3.2386183e-03  -3.9301726e-03
  -2.2187378e-01   2.8430733e-02  -2.5197762e-01  -2.1068494e-03  -3.2738210e-03  -4.1120205e-03
  -2.3738258e-01   5.6900749e-02  -3.0788329e-01  -1.1959148e-03  -3.4234777e-03  -4.4344944e-03
  -2.5412247e-01   4.9483009e-02  -2.9584750e-01  -1.1498238e-03  -3.2217784e-03  -4.7145913e-03
  -2.5381249e-01   2.7223742e-02  -3.0759043e-01   3.0722568e-04  -3.0278223e-03  -4.6495274e-03
  -2.3367090e-01   3.9822054e-04  -2.1474944e-01  -3.1648132e-03  -3.3904812e-03  -4.2303751e-03
  -2.2226230e-01   1.7335320e-02  -2.1540423e-01  -3.4643919e-03  -3.6400471e-03  -3.5898088e-03
  -2.4105329e-01   3.0330310e-02  -2.7911415e-01  -1.4779808e-03  -3.4594644e-03  -4.1867834e-03
  -2.3740250e-01   2.3757588e-02  -2.2042502e-01  -2.1826302e-03  -3.3062104e-03  -4.2136556e-03
  -2.5083894e-01   4.5824023e-02  -3.1174779e-01  -3.7036669e-04  -3.0105423e-03  -4.5009003e-03
  -2.5524209e-01   6.0040749e-02  -3.2060078e-01  -3.9766742e-05  -2.9036695e-03  -4.7810361e-03
  -2.6331349e-01   4.3787238e-02  -3.1796613e-01  -3.4372810e-04  -2.7502470e-03  -4.8519563e-03
  -2.5720222e-01   1.8911717e-02  -3.5477525e-01   1.6919716e-04  -2.7639504e-03  -4.6079328e-03
  -2.4535255e-01   3.4571502e-02  -3.7253729e-01   5.1400577e-04  -2.7009557e-03  -4.6031283e-03
  -2.5595322e-01   5.1708869e-02  -4.0245313e-01   4.2203346e-04  -2.7657566e-03  -4.8377216e-03
  -2.7971185e-01   5.7703073e-02  -4.1168731e-01   1.0827043e-03  -2.9690660e-03  -5.2479726e-03
  -2.6869159e-01   4.3390883e-02  -3.8481579e-01   1.3284514e-03  -3.0974597e-03  -4.9096016e-03
  -2.7107572e-01   2.1117128e-02  -3.5849997e-01   1.2491889e-03  -2.6858600e-03  -5.3776916e-03
  -2.5243332e-01   2.8248290e-02  -4.1073429e-01   1.6717793e-03  -2.8419226e-03  -5.2929172e-03
  -2.6134495e-01   4.5616324e-02  -4.2159804e-01   1.9060893e-03  -2.7758870e-03  -5.4674599e-03
  -2.6641307e-01   3.9004100e-02  -4.3734052e-01   2.2603606e-03  -2.9642155e-03  -5.4277177e-03
  -2.6468342e-01   4.5124035e-02  -4.3293227e-01   2.5246376e-03  -2.9665429e-03  -5.5846583e-03
  -2.8062693e-01   5.0389549e-02  -4.6795850e-01   3.1571362e-03  -2.7874282e-03  -5.7913335e-03
  -2.6766867e-01   5.4481572e-02  -4.5198129e-01   2.9280012e-03  -2.6032349e-03  -5.3935419e-03
  -2.5542013e-01   4.6005707e-02  -4.7625334e-01   3.3777164e-03  -3.0173443e-03  -5.1772898e-03
  -2.6699901e-01   5.6403435e-02  -4.6093364e-01   3.4669830e-03  -2.6682432e-03  -5.5091167e-03
  -2.7605663e-01   5.9096004e-02  -4.9534955e-01   3.7930952e-03  -2.9692166e-03  -5.7535493e-03
  -2.6729669e-01   4.8330184e-02  -4.6660513e-01   3.7129466e-03  -2.9010871e-03  -5.7119050e-03
  -2.6799165e-01   5.3839962e-02  -5.1131508e-01   3.8900229e-03  -3.0607356e-03  -5.7789913e-03
  -2.5205906e-01   5.3809300e-02  -4.9380814e-01   4.2246310e-03  -3.0155385e-03  -5.4533818e-03
  -2.7666718e-01   5.9883458e-02  -4.9774345e-01   4.1432673e-03  -3.1966244e-03  -5.7600331e-03
  -2.7797943e-01   3.4732274e-02  -4.7149565e-01   3.7273611e-03  -3.1997722e-03  -5.9402419e-03
  -2.7658358e-01   2.4555798e-02  -5.2175990e-01   4.4133160e-03  -3.3010138e-03  -5.9231066e-03
  -2.9503945e-01   5.5960737e-02  -5.0575450e-01   4.0180717e-03  -3.1126646e-03  -6.2799453e-03
  -2.8147623e-01   6.8061086e-02  -6.6510602e-01   6.2726542e-03  -3.8003360e-03  -5.8058318e-03
  -2.7859204e-01   7.1674101e-02  -6.9530610e-01   5.8860979e-03  -3.8365908e-03  -6.2987248e-03
  -2.7521225e-01   7.3987452e-02  -5.6405990e-01   5.3010742e-03  -3.2574327e-03  -6.8133323e-03
  -3.2293129e-01   1.0706801e-01  -6.6879482e-01   7.2943026e-03  -3.0808485e-03  -7.1744308e-03
  -3.1667385e-01   9.2735578e-02  -6.0101202e-01   6.7032815e-03  -3.2384290e-03  -7.0908272e-03
  -2.9223512e-01   5.6223832e-02  -5.7505882e-01   7.6030705e-03  -3.2773058e-03  -6.8135382e-03
  -3.2240196e-01   3.5258212e-02  -5.7888058e-01   7.1276578e-03  -3.3553721e-03  -7.2477287e-03
  -3.1358561e-01   3.2765150e-02  -5.9775802e-01   7.8158444e-03  -3.6359967e-03  -6.8282950e-03
  -3.1795045e-01   4.8282293e-02  -5.8776387e-01   7.2682548e-03  -3.3753832e-03  -7.1742449e-03
  -3.2543341e-01   5.9040685e-02  -6.2589432e-01   7.4182527e-03  -3.2992487e-03  -7.4224967e-03
  -3.2697544e-01   7.2765806e-02  -6.3259623e-01   7.5658634e-03  -3.5899640e-03  -7.4005240e-03
  -3.2971050e-01   7.1931970e-02  -6.3618074e-01   7.8762951e-03  -3.3609184e-03  -7.4126402e-03
  -3.1837926e-01   7.7123617e-02  -6.4439294e-01   7.9143502e-03  -3.0845078e-03  -7.2101112e-03
  -3.1126562e-01   8.0462416e-02  -6.3891063e-01   7.7921081e-03  -3.1448654e-03  -7.2708587e-03
  -3.0200438e-01   9.6854848e-02  -5.0805879e-01   7.6498293e-03  -2.9448613e-03  -7.1342569e-03
  -3.1365334e-01   7.0133073e-02  -6.4819903e-01   8.4255271e-03  -2.7870335e-03  -6.8121960e-03
  -3.2080036e-01   6.6031747e-02  -6.5104858e-01   8.1020980e-03  -3.0244427e-03  -7.4989225e-03
  -3.2910019e-01   8.0148133e-02  -6.3775805e-01   7.9698493e-03  -2.8457346e-03  -7.4189209e-03
  -3.3895968e-01   9.5491204e-02  -6.7463316e-01   8.3167272e-03  -2.8771258e-03  -7.3145035e-03
  -3.2134900e-01   1.0512549e-01  -6.5223354e-01   8.4907145e-03  -3.0737292e-03  -7.6423694e-03
  -3.1242117e-01   9.2511801e-02  -5.6799063e-01   9.0462839e-03  -3.0774928e-03  -7.3335837e-03
  -3.5524110e-01   8.5333392e-02  -6.1209410e-01   8.6669895e-03  -2.8076738e-03  -7.1055752e-03
  -3.4343913e-01   7.0499259e-02  -6.0765003e-01   8.3004605e-03  -3.2000332e-03  -7.1000782e-03
  -3.2888441e-01   6.9214250e-02  -6.3301123e-01   8.2819508e-03  -3.0922128e-03  -6.7840666e-03
  -3.3630564e-01   8.3671836e-02  -6.5020710e-01   8.6597287e-03  -3.1159724e-03  -6.9541545e-03
  -3.3462837e-01   8.8169254e-02  -6.2462944e-01   8.6495784e-03  -2.9311315e-03  -6.7952943e-03
  -3.4258786e-01   8.7664187e-02  -6.3108051e-01   9.1631978e-03  -2.8095742e-03  -7.2026978e-03
  -3.3509954e-01   9.6043489e-02  -6.2103538e-01   8.6162345e-03  -2.8771228e-03  -7.3759579e-03
  -3.1594938e-01   9.4602706e-02  -6.4034255e-01   8.8691033e-03  -3.2139795e-03  -6.8768438e-03
  -3.4150176e-01   7.5544932e-02  -5.7249237e-01   8.9142216e-03  -2.8275174e-03  -6.8573466e-03
  -2.7863065e-01   5.1109745e-02  -8.1586266e-01   1.2738388e-02  -4.2030454e-03  -6.3538797e-03
  -2.7299934e-01   5.2955142e-02  -8.2039760e-01   1.1154571e-02  -3.2338413e-03  -6.8706869e-03
  -3.0163723e-01   8.4348396e-02  -7.2301450e-01   1.0059600e-02  -2.4329038e-03  -6.9425189e-03
  -3.1850650e-01   8.7221040e-02  -7.9861373e-01   1.0891899e-02  -2.6993497e-03  -7.4181744e-03
  -3.4349755e-01   8.2145963e-02  -7.2718870e-01   1.0542505e-02  -2.8692583e-03  -7.3422181e-03
  -3.2806177e-01   7.4339695e-02  -7.4027553e-01   1.1351986e-02  -2.6079330e-03  -7.3671347e-03
  -3.3667483e-01   7.3360697e-02  -7.2877193e-01   1.1536123e-02  -2.2821160e-03  -7.5466174e-03
  -3.2908361e-01   7.2034763e-02  -7.6491004e-01   1.1274196e-02  -2.5996778e-03  -7.5343839e-03
  -3.4818946e-01   8.0651216e-02  -7.5018642e-01   1.0826497e-02  -2.7232583e-03  -7.7472636e-03
  -3.4707638e-01   8.2224888e-02  -7.7220124e-01   1.1112596e-02  -2.7091353e-03  -7.8051476e-03
  -3.4399406e-01   7.0481210e-02  -7.5805674e-01   1.1195898e-02  -2.6818080e-03  -7.7875105e-03
  -3.4108493e-01   7.2182947e-02  -7.5988553e-01   1.1290723e-02  -2.5602911e-03  -7.7063924e-03
  -3.4295390e-01   9.6936306e-02  -7.6356075e-01   1.1529894e-02  -2.6668216e-03  -7.6178877e-03
  -3.6510667e-01   1.1176419e-01  -7.9245503e-01   1.1568372e-02  -2.1718688e-03  -7.7150355e-03
  -3.3951744e-01   9.7284395e-02  -7.3620762e-01   1.1104814e-02  -1.9508720e-03  -7.4944333e-03
  -3.3672347e-01   7.7409111e-02  -7.4714165e-01   1.1385728e-02  -2.1950213e-03  -7.2126153e-03
  -3.3960854e-01   7.5730317e-02  -7.4776637e-01   1.2099112e-02  -2.0991460e-03  -7.4467195e-03
  -3.2712587e-01   7.9053478e-02  -8.1308870e-01   1.2981545e-02  -2.0682084e-03  -7.3210585e-03
  -3.4359348e-01   1.0184311e-01  -8.1440539e-01   1.3010449e-02  -1.8463852e-03  -7.5702593e-03
  -3.4618166e-01   1.1653640e-01  -8.2906378e-01   1.2483783e-02  -2.0712930e-03  -7.6552699e-03
  -3.3838359e-01   1.0085041e-01  -8.0120256e-01   1.2414873e-02  -2.1907553e-03  -7.4136531e-03
  -3.5005370e-01   7.5902931e-02  -7.9181465e-01   1.2237970e-02  -2.1137764e-03  -7.1518309e-03
  -3.7431358e-01   8.8185871e-02  -8.3282779e-01   1.2955162e-02  -1.8126831e-03  -7.8548470e-03
  -3.4426006e-01   8.8618778e-02  -8.5394610e-01   1.3132734e-02  -1.9630665e-03  -7.4432408e-03
  -3.5199965e-01   1.0239998e-01  -8.3407078e-01   1.2518339e-02  -1.8980327e-03  -7.9533333e-03
  -3.2493179e-01   8.3296132e-02  -8.3441431e-01   1.2369139e-02  -2.0740393e-03  -7.2800810e-03
  -3.4747149e-01   8.8369828e-02  -8.4604341e-01   1.2752514e-02  -1.9707154e-03  -7.5986801e-03
  -3.3784007e-01   8.5031138e-02  -8.3462103e-01   1.2402823e-02  -2.0534842e-03  -7.3152997e-03
  -3.5233462e-01   8.0728516e-02  -8.1038917e-01   1.2099217e-02  -1.8976467e-03  -7.6512666e-03
  -3.3130625e-01   7.3942764e-02  -8.4033183e-01   1.2584079e-02  -2.3208785e-03  -7.3623395e-03
  -3.5752225e-01   1.0091953e-01  -8.3983953e-01   1.2490556e-02  -1.8986149e-03  -7.6659519e-03
  -3.5954101e-01   9.5538114e-02  -8.4128609e-01   1.2155251e-02  -2.1110093e-03  -7.4847860e-03
  -3.7260639e-01   8.6337404e-02  -8.0391109e-01   1.2217790e-02  -1.5317189e-03  -8.0434536e-03
  -3.4447054e-01   6.4517215e-02  -8.1623580e-01   1.2087899e-02  -1.9652505e-03  -7.4289991e-03
  -3.6338052e-01   7.7172746e-02  -8.6371710e-01   1.2644727e-02  -1.7821126e-03  -7.9088809e-03
  -3.4498774e-01   9.4593595e-02  -8.9213750e-01   1.2521104e-02  -2.1747232e-03  -7.8328056e-03
  -3.6667189e-01   9.5341631e-02  -8.9735330e-01   1.2519693e-02  -2.0840478e-03  -8.1352745e-03
  -3.5161679e-01   8.2506083e-02  -8.6253626e-01   1.2623655e-02  -2.0098566e-03  -7.6730908e-03
  -3.5554000e-01   7.9081753e-02  -8.6762894e-01   1.2536255e-02  -2.2053683e-03  -8.0120348e-03
  -3.4644218e-01   8.8160805e-02  -8.9560447e-01   1.3138967e-02  -2.5649248e-03  -7.7130609e-03
  -3.6179949e-01   1.0875644e-01  -9.1462002e-01   1.2988209e-02  -2.1441194e-03  -7.7070561e-03
  -3.7200927e-01   1.0581535e-01  -8.9619228e-01   1.2642096e-02  -2.3483669e-03  -7.7709003e-03
  -3.8244327e-01   9.7420400e-02  -8.6076583e-01   1.2763962e-02  -1.9755216e-03  -8.1641492e-03
  -3.4710127e-01   7.0789304e-02  -9.2827087e-01   1.5301860e-02  -2.4281248e-03  -6.7254798e-03
  -3.2037639e-01   5.9348612e-02  -9.5143943e-01   1.5724193e-02  -2.1078229e-03  -7.0277531e-03
  -2.9276315e-01   7.2596805e-02  -9.5997052e-01   1.3952547e-02  -2.9201578e-03  -6.5265257e-03
  -3.3726391e-01   1.0588830e-01  -1.0308096e+00   1.6702867e-02  -3.5192790e-03  -6.6856636e-03
  -3.2053322e-01   8.7837417e-02  -1.0421524e+00   1.4761515e-02  -2.6053864e-03  -7.8193301e-03
  -3.8094866e-01   9.7542748e-02  -9.3972240e-01   1.3218601e-02  -1.8184676e-03  -8.4823625e-03
  -3.8846716e-01   1.1520446e-01  -9.9296706e-01   1.4404968e-02  -1.7933053e-03  -8.8662181e-03
  -3.8278472e-01   1.1333493e-01  -9.7405036e-01   1.4395108e-02  -1.9052526e-03  -8.6931500e-03
  -3.7275349e-01   7.4780174e-02  -9.4898515e-01   1.4749801e-02  -2.0208758e-03  -8.1903607e-03
  -3.8631289e-01   6.1176990e-02  -9.2337476e-01   1.3892523e-02  -1.9417538e-03  -8.7364756e-03
  -3.7003931e-01   6.4408372e-02  -9.5757959e-01   1.4092901e-02  -1.9902600e-03  -8.5075056e-03
  -3.8248983e-01   9.8156568e-02  -1.0101019e+00   1.4380455e-02  -2.0395485e-03  -8.6509250e-03
  -3.7772890e-01   1.1461096e-01  -1.0126928e+00   1.4536073e-02  -2.0016139e-03  -8.4915405e-03
  -3.9595625e-01   1.2257235e-01  -9.9705964e-01   1.4445436e-02  -1.7953707e-03  -8.9737232e-03
  -3.8207010e-01   1.1320022e-01  -9.6546225e-01   1.3928628e-02  -1.8426366e-03  -8.5184626e-03
  -4.0735678e-01   1.1961640e-01  -9.6076557e-01   1.4324912e-02  -1.5597963e-03  -8.8820834e-03
  -3.8600023e-01   9.8888107e-02  -9.4657164e-01   1.4308420e-02  -1.6817922e-03  -8.5532453e-03
  -3.8582506e-01   7.9682816e-02  -9.6012586e-01   1.4678811e-02  -1.6200196e-03  -8.6643934e-03
  -3.9198832e-01   7.8114454e-02  -9.4865716e-01   1.4536081e-02  -1.5281921e-03  -8.3026834e-03
  -4.1856061e-01   9.1705423e-02  -9.7621850e-01   1.4790551e-02  -1.9118879e-03  -9.2906759e-03
  -3.9583587e-01   1.0073100e-01  -9.8621520e-01   1.4482671e-02  -2.0134661e-03  -8.7197055e-03
  -4.1538572e-01   1.1773046e-01  -1.0169668e+00   1.5368454e-02  -2.0010895e-03  -9.0831961e-03
  -4.0376820e-01   1.0683042e-01  -9.7534373e-01   1.4876898e-02  -1.8576978e-03  -8.4621471e-03
  -4.1511427e-01   1.0113801e-01  -9.8517170e-01   1.5817562e-02  -1.9298128e-03  -9.1334286e-03
  -3.7564876e-01   6.4751920e-02  -9.3376330e-01   1.3745287e-02  -2.1523989e-03  -8.1337895e-03
  -4.4194883e-01   1.0625203e-01  -1.0423869e+00   1.7175092e-02  -1.8405168e-03  -9.9889846e-03
  -2.5028272e-01  -5.8470558e-03  -7.1836651e-01   4.6538104e-03  -2.1404321e-03  -3.1414253e-03
  -1.5944477e-02  -6.9067698e-02  -3.3558469e-01  -1.2355072e-02  -1.9230689e-03   5.7223681e-03
