   0.0000000e+00   0.0000000e+00   0.0000000e+00  -2.7755576e-17   1.2037062e-35  -4.3368087e-19
  -4.5860660e-02  -6.3990657e-03  -1.0987147e-02   1.4791727e-03   8.7015192e-04  -1.3844784e-03
  -1.1079009e-01   3.0348575e-02   4.1190959e-02   2.5509820e-03   2.5259353e-04  -3.8057554e-03
  -1.5361192e-01   5.3601836e-02  -4.7492114e-03   2.5705040e-03   1.7426679e-04  -4.9084903e-03
  -1.7607435e-01   6.5726723e-02  -3.6012818e-02   3.4843108e-03   3.0013870e-04  -5.1029048e-03
  -1.8756572e-01   8.8645874e-02  -7.4994768e-02   4.2735746e-03   4.2251585e-04  -5.4007097e-03
  -2.1617405e-01   1.1313430e-01  -6.5152085e-02   5.5016228e-03  -1.6413869e-04  -6.1629609e-03
  -2.1889467e-01   1.0064449e-01  -8.7652108e-02   6.3115566e-03   2.1096869e-04  -6.1187493e-03
  -2.1495000e-01   7.8732536e-02  -5.2633280e-02   5.8514157e-03   1.2796042e-04  -6.0303937e-03
  -1.9874518e-01   9.1528967e-02  -6.6601772e-02   6.6615405e-03   5.6421929e-05  -6.1551339e-03
  -2.2319703e-01   1.0663687e-01  -8.4966659e-02   6.3590113e-03   1.0904551e-04  -6.2993611e-03
  -2.1207854e-01   1.0818805e-01  -8.6981753e-02   6.5933766e-03  -1.7608296e-04  -6.4198567e-03
  -2.3145466e-01   1.0647768e-01  -7.7990816e-02   6.9123365e-03  -2.9409120e-04  -6.4188133e-03
  -2.6071391e-01   1.0443969e-01  -8.2111732e-02   7.8400337e-03  -2.4647093e-04  -6.9575384e-03
  -2.4548973e-01   9.1701997e-02  -7.5456711e-02   7.7320686e-03  -1.3695135e-04  -6.5999837e-03
  -2.6337537e-01   1.1538651e-01  -1.7129031e-01   8.9216277e-03   7.8413654e-05  -7.1080885e-03
  -2.6964928e-01   1.4843652e-01  -1.2047861e-01   7.4199605e-03   4.4582433e-05  -6.8797935e-03
  -3.2310112e-01   1.6572504e-01  -5.1545054e-01   1.5489871e-02   9.1875559e-05  -8.7663423e-03
  -3.5482227e-01   1.1859482e-01  -5.2199019e-01   1.7288418e-02   8.9661158e-04  -1.0059314e-02
  -3.2734035e-01   1.6071359e-01  -3.4554461e-01   1.3838290e-02   7.8760855e-04  -9.7465195e-03
  -3.5360277e-01   1.7694437e-01  -4.5650135e-01   1.6341499e-02   1.0728771e-03  -1.0683969e-02
  -3.5519526e-01   1.8206418e-01  -3.7899525e-01   1.5583788e-02   9.6892139e-04  -1.0440626e-02
  -3.6264465e-01   1.5354464e-01  -3.7485537e-01   1.6043777e-02   9.8051154e-04  -1.0409232e-02
  -3.7169126e-01   1.4901025e-01  -3.6217756e-01   1.6032250e-02   1.1671351e-03  -1.0261299e-02
  -3.6535463e-01   1.6258175e-01  -4.2312760e-01   1.6239346e-02   1.0751955e-03  -1.0094221e-02
  -3.8762379e-01   1.9037398e-01  -3.9477471e-01   1.6305698e-02   1.0470648e-03  -1.0454661e-02
  -4.0818198e-01   1.7373965e-01  -3.9720502e-01   1.6690918e-02   1.0601092e-03  -1.0893801e-02
  -4.0375389e-01   1.6549734e-01  -3.9376557e-01   1.6909469e-02   1.1213703e-03  -1.0747941e-02
  -3.9569266e-01   1.7631300e-01  -4.1939152e-01   1.6900472e-02   1.1830638e-03  -1.0830179e-02
  -3.8838487e-01   1.9101438e-01  -4.3338024e-01   1.7208031e-02   1.3452155e-03  -1.0572166e-02
  -4.0257003e-01   1.8946893e-01  -4.6242295e-01   1.7955826e-02   1.4206211e-03  -1.0594320e-02
  -3.9006051e-01   1.7276235e-01  -4.0803541e-01   1.7396295e-02   1.2462006e-03  -1.0721067e-02
  -4.1245355e-01   1.6748899e-01  -4.4528981e-01   1.8004334e-02   8.4652265e-04  -1.1035244e-02
  -3.9406250e-01   1.6066854e-01  -3.9515323e-01   1.7349713e-02   8.7459986e-04  -1.1116178e-02
  -4.0502167e-01   1.5391597e-01  -4.4060295e-01   1.7660044e-02   9.4148111e-04  -1.0914637e-02
  -3.8716961e-01   1.7095777e-01  -4.4419450e-01   1.7480202e-02   9.3701327e-04  -1.0995820e-02
  -3.8709512e-01   1.8255635e-01  -4.8125799e-01   1.8026716e-02   9.2101607e-04  -1.0742721e-02
  -4.2154821e-01   1.8935930e-01  -4.4860057e-01   1.7554871e-02   8.6843016e-04  -1.1213828e-02
  -4.1120236e-01   1.8508102e-01  -4.4372710e-01   1.7851973e-02   1.0483416e-03  -1.1177399e-02
  -4.1315121e-01   1.7801722e-01  -4.3479186e-01   1.7552606e-02   9.9488997e-04  -1.1113516e-02
  -4.0577339e-01   1.7618856e-01  -4.3875152e-01   1.8129010e-02   1.0392327e-03  -1.0936618e-02
  -4.2723156e-01   1.8447288e-01  -4.1849138e-01   1.8001846e-02   1.0552118e-03  -1.1010248e-02
  -4.1221600e-01   1.7344420e-01  -4.0185984e-01   1.7571048e-02   8.7889915e-04  -1.0879709e-02
  -4.3618890e-01   1.6435157e-01  -4.2209399e-01   1.7864664e-02   9.7940038e-04  -1.1405700e-02
  -4.1864503e-01   1.5757261e-01  -4.4890365e-01   1.7889231e-02   6.2030261e-04  -1.1118666e-02
  -4.3032142e-01   1.8825331e-01  -5.7714928e-01   1.8642186e-02   1.2300713e-03  -1.1460976e-02
  -4.8584727e-01   2.1158709e-01  -4.7543712e-01   1.8693579e-02   8.7272232e-04  -1.2043339e-02
  -4.9883215e-01   2.0357229e-01  -6.1226226e-01   1.9000566e-02   4.2127207e-04  -1.2435152e-02
  -4.7706101e-01   2.0042404e-01  -6.0749728e-01   1.9395979e-02   1.0100721e-03  -1.1947761e-02
  -4.6983127e-01   1.9996451e-01  -4.7078686e-01   1.9353632e-02   3.5407870e-04  -1.2551357e-02
  -4.7658463e-01   1.8365814e-01  -7.2392106e-01   1.9747311e-02   2.3762529e-04  -1.1857009e-02
  -5.4313221e-01   1.4852964e-01  -1.0975965e+00   2.3532163e-02  -2.6428187e-03  -1.2919138e-02
  -5.5405531e-01   1.3718076e-01  -1.0782398e+00   2.3180346e-02  -2.0351129e-03  -1.4993179e-02
  -5.8156881e-01   1.5763769e-01  -1.0277945e+00   2.2036190e-02  -1.2428058e-03  -1.4975938e-02
  -5.6228875e-01   1.7859099e-01  -1.0858733e+00   2.2842502e-02  -1.2409936e-03  -1.5066284e-02
  -5.7776532e-01   1.8021146e-01  -1.0398351e+00   2.2710332e-02  -1.5058354e-03  -1.5048481e-02
  -5.6471296e-01   1.6151212e-01  -1.0117724e+00   2.2115602e-02  -1.2223945e-03  -1.5122135e-02
  -5.9974745e-01   1.5609506e-01  -1.0312628e+00   2.2234276e-02  -1.4384931e-03  -1.5164894e-02
  -5.8694251e-01   1.5253784e-01  -1.0637440e+00   2.3233184e-02  -1.3809019e-03  -1.4759265e-02
  -6.0915810e-01   1.3971935e-01  -1.0548334e+00   2.2646920e-02  -1.4244384e-03  -1.4978484e-02
  -5.9399926e-01   1.5677072e-01  -9.1196336e-01   2.3116684e-02  -9.7183353e-04  -1.5024637e-02
  -5.9145164e-01   1.8874585e-01  -7.5076479e-01   2.2521215e-02  -6.5878508e-04  -1.5050567e-02
  -6.1370186e-01   2.0692624e-01  -8.2367770e-01   2.3022600e-02  -6.1258646e-04  -1.4929908e-02
  -6.3211829e-01   2.0468136e-01  -8.2891802e-01   2.2656474e-02  -8.3442668e-04  -1.5355510e-02
  -5.8305066e-01   1.7830886e-01  -8.1551988e-01   2.2749775e-02  -1.0107770e-03  -1.4806568e-02
  -5.8441441e-01   1.7685244e-01  -8.0572541e-01   2.2876246e-02  -1.1426479e-03  -1.4890693e-02
  -5.7973524e-01   1.6105641e-01  -8.1562337e-01   2.3036102e-02  -1.0142981e-03  -1.4751061e-02
  -5.5695791e-01   1.7208678e-01  -8.3764978e-01   2.3523626e-02  -9.0059711e-04  -1.4331545e-02
  -5.8881426e-01   1.8819696e-01  -8.6047845e-01   2.3076517e-02  -1.0594008e-03  -1.4929564e-02
  -5.8214384e-01   1.8021477e-01  -9.1706381e-01   2.3852654e-02  -1.1908764e-03  -1.4795802e-02
  -6.0825457e-01   1.7039313e-01  -9.5689825e-01   2.3969431e-02  -1.2311186e-03  -1.5170314e-02
  -6.2635641e-01   1.4546749e-01  -1.1144877e+00   2.4009075e-02  -1.1248008e-03  -1.5080653e-02
  -5.9613934e-01   1.4997565e-01  -1.1015343e+00   2.4510639e-02  -1.0365393e-03  -1.4903412e-02
  -6.2239566e-01   1.7457446e-01  -1.1837979e+00   2.4516468e-02  -1.2266191e-03  -1.5335385e-02
  -5.9871008e-01   1.7888167e-01  -1.1161078e+00   2.4641880e-02  -1.0242386e-03  -1.4657176e-02
  -6.3478698e-01   1.5308701e-01  -1.1584005e+00   2.4180891e-02  -8.3461556e-04  -1.5516889e-02
  -4.9976174e-01   1.9326336e-01  -7.0854394e-01   2.8368193e-02  -1.0905424e-03  -1.3903982e-02
  -6.1614462e-01   2.6305011e-01  -5.9098430e-01   3.3446755e-02  -1.9531699e-03  -1.4774728e-02
  -7.6861737e-01   2.2627769e-01  -1.1525659e+00   3.1632575e-02  -2.1266741e-03  -1.7313430e-02
  -7.3385219e-01   2.6811316e-01  -1.0773015e+00   3.0416434e-02  -1.9122697e-03  -1.7568994e-02
  -7.1177744e-01   2.5471228e-01  -1.0565201e+00   2.9197206e-02  -1.5920058e-03  -1.7546801e-02
  -7.0181745e-01   2.3138242e-01  -1.0124932e+00   3.0491095e-02  -1.7286937e-03  -1.7324093e-02
  -6.9263117e-01   1.8736840e-01  -9.2248995e-01   2.9118914e-02  -1.6438291e-03  -1.7612417e-02
  -6.7986654e-01   1.7551372e-01  -9.2592302e-01   3.0479063e-02  -1.7355279e-03  -1.7821826e-02
  -6.5379017e-01   1.7350684e-01  -9.2934347e-01   3.0047226e-02  -1.2563268e-03  -1.7619354e-02
  -7.0797623e-01   1.9945424e-01  -1.0805953e+00   3.1833845e-02  -1.8106485e-03  -1.8351524e-02
  -6.6469776e-01   1.4869675e-01  -1.4441957e+00   3.1466023e-02  -3.5128446e-03  -1.6397124e-02
  -7.2380230e-01   1.7045392e-01  -1.5057093e+00   3.3146111e-02  -3.8171386e-03  -1.7674336e-02
  -7.2805062e-01   1.5942983e-01  -1.5670092e+00   3.3139737e-02  -3.6390608e-03  -1.7811410e-02
  -7.2656671e-01   1.7526361e-01  -1.5123980e+00   3.2811112e-02  -3.1197834e-03  -1.8798155e-02
  -7.1692804e-01   1.8468756e-01  -1.5004658e+00   3.2234100e-02  -3.0349191e-03  -1.8476567e-02
  -7.4857207e-01   2.0272101e-01  -1.5153473e+00   3.5086935e-02  -3.2643825e-03  -1.9570883e-02
  -5.7000031e-01   3.0309700e-02  -1.1234417e+00   1.5955451e-02  -2.3428349e-03  -1.2653063e-02
  -4.0623514e-01   8.7973962e-03  -7.2126597e-01   2.0909116e-03  -1.1547486e-03  -8.0404304e-03
  -4.5450938e-01   5.4657665e-02  -9.0665208e-01   8.4046023e-03  -1.8177402e-03  -1.0297536e-02
  -4.4350791e-01   4.9972292e-02  -8.5296286e-01   6.8376943e-03  -2.4432139e-03  -1.0064570e-02
  -4.5174854e-01   7.3109149e-02  -9.5451744e-01   9.7489492e-03  -3.1019295e-03  -1.1007657e-02
  -4.7643945e-01   6.5769617e-02  -8.7789573e-01   7.8831921e-03  -2.6458924e-03  -1.1046391e-02
  -4.9535224e-01   6.9067172e-02  -9.7933565e-01   1.0752869e-02  -2.7919856e-03  -1.1447787e-02
  -4.9572183e-01   4.7580531e-02  -9.0168333e-01   9.0832169e-03  -2.3057284e-03  -1.1088226e-02
  -4.8409375e-01   8.3717660e-02  -1.2413743e+00   1.6830816e-02  -3.4260494e-03  -1.1469708e-02
  -4.9898561e-01   7.1621498e-02  -1.1531437e+00   1.4308184e-02  -4.8071843e-03  -1.1814473e-02
  -5.4494170e-01   9.8129953e-02  -1.1677732e+00   1.6119396e-02  -3.2355850e-03  -1.2941224e-02
  -5.3897913e-01   1.1442746e-01  -1.1970198e+00   1.7600304e-02  -3.3456407e-03  -1.2906984e-02
  -5.3007222e-01   9.7490954e-02  -1.1482629e+00   1.7656865e-02  -3.2607368e-03  -1.2869953e-02
  -5.1278086e-01   7.4493051e-02  -1.1202229e+00   1.7902202e-02  -3.6120411e-03  -1.2980500e-02
  -5.2682605e-01   6.5594459e-02  -1.1370470e+00   1.8130371e-02  -3.1428427e-03  -1.3306357e-02
  -5.1951748e-01   7.1243485e-02  -1.1707518e+00   1.8461359e-02  -3.2027208e-03  -1.3077387e-02
  -5.4135731e-01   9.7542527e-02  -1.1909958e+00   1.8676226e-02  -3.1624937e-03  -1.3610907e-02
  -5.5497128e-01   1.0974844e-01  -1.2078880e+00   1.8805750e-02  -3.3410648e-03  -1.3887565e-02
  -5.5246000e-01   1.1347004e-01  -1.1925790e+00   1.8953324e-02  -3.4390168e-03  -1.4145782e-02
  -5.5739188e-01   1.2905644e-01  -1.2075931e+00   1.8785529e-02  -3.4014911e-03  -1.3932050e-02
  -5.6792808e-01   1.3078516e-01  -1.2284934e+00   1.9581091e-02  -2.9836848e-03  -1.3720006e-02
  -5.5932830e-01   1.4136520e-01  -1.2018308e+00   1.9793749e-02  -2.7727491e-03  -1.3890136e-02
  -5.4365677e-01   1.3440462e-01  -1.1883521e+00   2.0008151e-02  -2.9585156e-03  -1.3911548e-02
  -5.3328724e-01   1.0455244e-01  -1.1902896e+00   2.0017310e-02  -3.2313821e-03  -1.3603519e-02
  -5.2374750e-01   9.3618752e-02  -1.1642127e+00   1.9956381e-02  -3.1620656e-03  -1.3291184e-02
  -5.3185030e-01   1.0672019e-01  -1.1774427e+00   2.0069738e-02  -3.0196005e-03  -1.3600543e-02
  -5.3526676e-01   1.0855644e-01  -1.1790999e+00   2.0329529e-02  -2.9971939e-03  -1.3773781e-02
  -5.4068513e-01   1.1999008e-01  -1.2064423e+00   2.0683588e-02  -3.1802264e-03  -1.3892537e-02
  -5.6219791e-01   1.2709244e-01  -1.1952488e+00   2.0219644e-02  -3.0934403e-03  -1.3936836e-02
  -5.8494685e-01   1.2924310e-01  -1.2307035e+00   2.0700145e-02  -2.7190899e-03  -1.4209402e-02
  -5.6686113e-01   1.1607963e-01  -1.1992700e+00   2.0412705e-02  -2.9030093e-03  -1.4104225e-02
  -5.4924618e-01   1.1496330e-01  -1.1492693e+00   2.0442045e-02  -3.1717671e-03  -1.4016099e-02
  -5.0137829e-01   1.3506948e-01  -8.9284934e-01   1.9770892e-02  -2.9383025e-03  -1.3661643e-02
  -5.2122522e-01   1.6077497e-01  -9.1058957e-01   2.0238655e-02  -2.6628676e-03  -1.3870559e-02
  -5.4867097e-01   1.8058433e-01  -9.6773159e-01   1.9774163e-02  -2.7416511e-03  -1.4423110e-02
  -5.5262164e-01   1.9540080e-01  -9.7898776e-01   2.0423033e-02  -2.7100007e-03  -1.4234722e-02
  -5.4577012e-01   1.7255883e-01  -9.7822786e-01   2.0430682e-02  -2.7027577e-03  -1.4244081e-02
  -5.2406589e-01   1.4778675e-01  -9.5807261e-01   2.0980320e-02  -2.7584449e-03  -1.4058894e-02
  -5.2352306e-01   1.4722139e-01  -9.4291926e-01   2.0755705e-02  -2.8734474e-03  -1.3990856e-02
  -5.2018119e-01   1.4656540e-01  -9.8939914e-01   2.1530929e-02  -2.7260901e-03  -1.3599514e-02
  -5.3646214e-01   1.5762292e-01  -9.7939077e-01   2.1480952e-02  -2.6997465e-03  -1.3777130e-02
  -5.4800240e-01   1.5982106e-01  -9.8856744e-01   2.1618906e-02  -2.6786327e-03  -1.4351441e-02
  -5.5146280e-01   1.7126856e-01  -1.0059613e+00   2.1678485e-02  -2.4895404e-03  -1.4157806e-02
  -5.5448812e-01   1.8023845e-01  -9.9977561e-01   2.1955629e-02  -2.5533618e-03  -1.4141362e-02
  -5.4835286e-01   1.4855762e-01  -1.0132151e+00   2.2046974e-02  -2.7168571e-03  -1.3927602e-02
  -5.4565147e-01   1.5650406e-01  -9.9761163e-01   2.2106424e-02  -2.4115968e-03  -1.4107159e-02
  -5.5059404e-01   1.7703615e-01  -1.0732270e+00   2.2189040e-02  -2.5370272e-03  -1.4270593e-02
  -5.4292449e-01   1.9244677e-01  -1.1285298e+00   2.2837198e-02  -2.7311233e-03  -1.4333218e-02
  -5.6167531e-01   1.8583725e-01  -1.1302739e+00   2.2487596e-02  -2.6947186e-03  -1.4285334e-02
  -5.5495015e-01   1.6837022e-01  -1.1292167e+00   2.2977226e-02  -2.7170295e-03  -1.4225104e-02
  -5.4913973e-01   1.5629400e-01  -1.0972329e+00   2.2416836e-02  -2.7699586e-03  -1.4311603e-02
  -5.6321801e-01   1.4971886e-01  -1.1106674e+00   2.2916077e-02  -2.8249823e-03  -1.4433792e-02
  -5.5279546e-01   1.4264686e-01  -1.1074763e+00   2.2496914e-02  -2.6175557e-03  -1.4160590e-02
  -5.5719461e-01   1.5929687e-01  -1.1232859e+00   2.2804677e-02  -2.7019732e-03  -1.4192398e-02
  -5.7470339e-01   1.7154671e-01  -1.1151207e+00   2.1947951e-02  -2.5977093e-03  -1.4355086e-02
  -5.8440225e-01   1.7128755e-01  -1.1423518e+00   2.3164017e-02  -2.2820997e-03  -1.4610993e-02
  -5.6101442e-01   1.4343847e-01  -1.1159591e+00   2.2289284e-02  -2.9111556e-03  -1.4314544e-02
  -5.4735349e-01   1.3088828e-01  -1.1263951e+00   2.3199383e-02  -2.8617395e-03  -1.4332673e-02
  -5.6365155e-01   1.4214148e-01  -1.1256230e+00   2.2448195e-02  -2.5945818e-03  -1.4438190e-02
  -5.5798103e-01   1.6532380e-01  -1.1509283e+00   2.3175177e-02  -2.6657972e-03  -1.4215288e-02
  -5.7001946e-01   1.8357927e-01  -1.1542763e+00   2.2174109e-02  -2.7429898e-03  -1.4307564e-02
  -5.5864287e-01   1.9815457e-01  -1.1659698e+00   2.4417599e-02  -2.4210691e-03  -1.4456538e-02
  -5.7891427e-01   8.1689126e-02  -1.0039219e+00   1.5968816e-02  -3.5769291e-03  -1.3815844e-02
  -5.8375914e-01   4.7194732e-02  -8.5513901e-01   4.8013930e-03  -4.6597832e-03  -1.3513285e-02
  -5.5199689e-01   1.1349562e-01  -1.0196326e+00   1.2923371e-02  -3.1958242e-03  -1.4471380e-02
  -5.4121427e-01   1.1398137e-01  -1.0229562e+00   1.3368248e-02  -3.3414186e-03  -1.4503945e-02
  -5.5656987e-01   1.4383505e-01  -1.0724022e+00   1.6400992e-02  -2.9828913e-03  -1.4781610e-02
  -5.6219834e-01   9.1797911e-02  -1.0269458e+00   1.4544018e-02  -3.1219212e-03  -1.4916201e-02
  -5.7594995e-01   1.4375896e-01  -1.3703794e+00   2.5554088e-02  -4.8466977e-03  -1.3993168e-02
  -5.5809131e-01   2.6468963e-01  -9.9041926e-01   2.7913445e-02  -2.7121778e-03  -1.3489117e-02
  -6.6554118e-01   1.8813461e-01  -9.6262672e-01   2.3370745e-02  -1.8301620e-03  -1.5189706e-02
  -6.6656012e-01   2.5227260e-01  -9.7121669e-01   2.5782029e-02  -2.3942191e-03  -1.5403306e-02
  -6.4789656e-01   2.1191293e-01  -8.5681466e-01   2.3705179e-02  -1.6483181e-03  -1.5325945e-02
  -6.3413453e-01   2.1560388e-01  -8.8028057e-01   2.5542230e-02  -1.9230191e-03  -1.5268662e-02
  -6.2758022e-01   2.0238924e-01  -8.1154708e-01   2.4065499e-02  -1.9270505e-03  -1.5572322e-02
  -6.1952143e-01   2.2544385e-01  -9.1179287e-01   2.6236166e-02  -2.2999589e-03  -1.5139167e-02
  -6.1266943e-01   2.2184710e-01  -8.2100144e-01   2.3892401e-02  -1.9554411e-03  -1.5354644e-02
  -5.9349224e-01   2.2841110e-01  -1.0424313e+00   2.7598869e-02  -2.8091893e-03  -1.4910155e-02
  -6.8223091e-01   1.8911432e-01  -1.3186856e+00   2.5404565e-02  -2.3300260e-03  -1.5774968e-02
  -7.2595032e-01   1.9604692e-01  -1.5719328e+00   3.1157876e-02  -4.2989747e-03  -1.6218247e-02
  -7.4406740e-01   1.5211095e-01  -1.7119543e+00   3.2716626e-02  -4.8814298e-03  -1.6526970e-02
  -7.4555922e-01   1.4889344e-01  -1.5149947e+00   2.6360198e-02  -3.2574393e-03  -1.7835274e-02
  -6.9285282e-01   1.4660609e-01  -1.4672301e+00   2.8444353e-02  -3.6382681e-03  -1.7053776e-02
  -7.4760766e-01   1.6687808e-01  -1.4664599e+00   2.8829005e-02  -3.3574312e-03  -1.8101155e-02
  -6.9578891e-01   7.0021814e-02  -1.3136953e+00   2.3715663e-02  -3.2659584e-03  -1.6407169e-02
  -5.4449557e-01  -1.2871457e-01  -7.4018064e-01  -7.0280643e-03  -5.3456989e-03  -9.9966793e-03
  -6.1666014e-01  -6.1207201e-02  -1.1009498e+00   2.8192279e-03  -7.6493272e-03  -1.4536201e-02
  -5.8755169e-01  -2.6831778e-02  -9.5702250e-01   1.9696884e-03  -6.2453223e-03  -1.4638838e-02
  -6.2602814e-01   6.2814910e-03  -1.0600594e+00   5.2017614e-03  -6.0940412e-03  -1.5002639e-02
  -6.1658426e-01  -9.6501703e-03  -9.8520286e-01   4.1733221e-03  -5.9527102e-03  -1.5037711e-02
  -6.2152244e-01  -1.7297438e-02  -1.0100484e+00   5.7457607e-03  -6.2691355e-03  -1.5174268e-02
  -6.2278854e-01  -2.1015619e-02  -1.0124976e+00   5.2374792e-03  -6.1540362e-03  -1.5359362e-02
  -6.0788991e-01  -5.3919001e-04  -1.0005330e+00   6.3199749e-03  -6.3687796e-03  -1.5242607e-02
  -5.9495975e-01   2.8623207e-02  -9.5069147e-01   6.0575350e-03  -6.2652913e-03  -1.5269846e-02
  -6.4951553e-01   5.4093378e-02  -9.2366842e-01   5.7970534e-03  -5.8133627e-03  -1.6041091e-02
  -6.3178225e-01   7.6904144e-02  -9.7429875e-01   8.0875773e-03  -5.8676222e-03  -1.6157277e-02
  -6.3905772e-01   1.4436433e-01  -1.2904939e+00   2.0461299e-02  -6.3038429e-03  -1.6115988e-02
  -6.2304446e-01   1.0781622e-01  -1.3792850e+00   2.1351884e-02  -6.1681147e-03  -1.6524576e-02
  -6.7136013e-01   9.9401117e-02  -1.3500143e+00   2.1170645e-02  -6.9873753e-03  -1.7905098e-02
  -6.6665502e-01   9.8944071e-02  -1.2294078e+00   2.0793102e-02  -6.3231183e-03  -1.7804580e-02
  -6.8869413e-01   1.3059804e-01  -1.2537733e+00   2.2074308e-02  -6.0983755e-03  -1.7909691e-02
  -6.7245930e-01   1.3179503e-01  -1.1332608e+00   2.1460762e-02  -5.9119095e-03  -1.7893464e-02
  -6.8628544e-01   1.0122310e-01  -1.1616873e+00   2.2393031e-02  -6.1576989e-03  -1.7705090e-02
  -6.8348461e-01   8.9245878e-02  -1.1749661e+00   2.1684742e-02  -6.3471447e-03  -1.7527464e-02
  -6.8137289e-01   1.1240521e-01  -1.2199060e+00   2.1719737e-02  -6.2850499e-03  -1.7711991e-02
  -6.7779742e-01   1.4094785e-01  -1.1654123e+00   2.0956683e-02  -5.9192282e-03  -1.7871165e-02
  -6.8323063e-01   1.2994193e-01  -1.1852309e+00   2.1267067e-02  -6.1834307e-03  -1.8201178e-02
  -6.7988140e-01   1.2044411e-01  -1.1387276e+00   2.0986076e-02  -5.9708734e-03  -1.7738382e-02
  -6.8627550e-01   1.2098475e-01  -1.2018760e+00   2.1598188e-02  -5.9027227e-03  -1.7924931e-02
  -6.7690330e-01   1.3613012e-01  -1.2009648e+00   2.1806824e-02  -5.7359565e-03  -1.7728514e-02
  -6.6927591e-01   1.3550115e-01  -1.1994212e+00   2.1865000e-02  -5.9328410e-03  -1.7731160e-02
  -6.7364856e-01   1.1320024e-01  -1.1818890e+00   2.1495069e-02  -5.9074744e-03  -1.7844297e-02
  -6.8074280e-01   1.2220182e-01  -1.1949592e+00   2.1782464e-02  -6.0691952e-03  -1.7705576e-02
  -6.8717581e-01   1.0445079e-01  -1.1637095e+00   2.1367003e-02  -5.9711688e-03  -1.7590671e-02
  -7.0616880e-01   1.0487547e-01  -1.1975027e+00   2.1825366e-02  -6.2771245e-03  -1.7799720e-02
  -7.0469044e-01   1.3633814e-01  -1.1338995e+00   2.2620070e-02  -5.5344671e-03  -1.7848740e-02
