   0.0000000e+00   0.0000000e+00   0.0000000e+00   1.3877788e-17   0.0000000e+00   0.0000000e+00
   9.1258616e-03   4.6663250e-03  -2.3205942e-02   9.2881451e-04  -5.7482194e-05   1.1502343e-04
  -3.1577854e-02   1.8064334e-02  -8.1975455e-02   1.6665323e-03  -1.4913494e-04  -5.1555899e-04
  -2.1621319e-02   3.3410447e-02  -7.4985015e-02   2.1206014e-03   9.3304591e-05  -7.3059565e-04
  -5.4715235e-02   2.6659743e-02  -8.3741650e-02   2.6432760e-03  -4.5737852e-05  -1.2453305e-03
  -5.1373191e-02   2.4390299e-02  -8.8548500e-02   3.9491650e-03   2.2392403e-04  -1.4440001e-03
  -6.6167390e-02   3.1941678e-02  -8.9623191e-02   3.8182470e-03   3.6490620e-05  -1.8739132e-03
  -1.0821169e-01   3.8603237e-02  -1.1292364e-01   5.1816900e-03   6.4156757e-05  -3.1713188e-03
  -1.2046573e-01   4.8718729e-02  -1.3955535e-01   5.7633658e-03   1.7283645e-04  -3.5123289e-03
  -1.1169580e-01   6.2252708e-02  -1.4290085e-01   5.4674162e-03   7.7897270e-05  -3.7315959e-03
  -1.2544406e-01   8.4008200e-02  -1.7114540e-01   6.2571381e-03  -1.4393067e-04  -3.7890546e-03
  -1.3130304e-01   7.4355224e-02  -1.7220323e-01   6.2201094e-03   3.5513642e-04  -4.1107370e-03
  -1.4465977e-01   8.7339240e-02  -2.1584291e-01   8.6104955e-03  -5.2483111e-04  -4.0838113e-03
  -1.5572752e-01   8.7978048e-02  -3.0683240e-01   1.3287652e-02  -8.7578942e-04  -4.9204991e-03
  -1.5791789e-01   8.4945101e-02  -2.7926962e-01   1.2620892e-02  -6.6252656e-04  -5.1557733e-03
  -2.8652337e-01   1.0610637e-01  -4.8645467e-01   1.6379868e-02  -1.2265811e-04  -9.1440661e-03
  -2.7326844e-01   1.3647629e-01  -3.1028646e-01   1.1379202e-02   1.7665260e-03  -9.4136096e-03
  -2.8510865e-01   1.7622777e-01  -2.2772841e-01   9.4803810e-03   1.2688360e-03  -9.3648418e-03
  -2.9196316e-01   1.6155277e-01  -2.5362387e-01   1.1156580e-02   1.3212026e-03  -9.9902745e-03
  -2.8988942e-01   1.2391574e-01  -2.0631719e-01   1.1370262e-02   1.1519047e-03  -9.7736668e-03
  -2.9130035e-01   9.9959055e-02  -2.4710815e-01   1.2316717e-02   1.5797734e-03  -9.6668865e-03
  -2.6350944e-01   5.4191834e-02  -1.1638474e-02   2.7640109e-03   1.7018134e-03  -8.0101924e-03
  -2.1096027e-01   6.9521798e-02   7.6686659e-02  -2.6192229e-03   1.6502708e-03  -7.0359177e-03
  -2.0659789e-01   1.0319050e-01   4.0514112e-02  -1.4495371e-03   1.7941062e-03  -7.7153244e-03
  -2.0631597e-01   1.1650770e-01  -5.1129341e-03   5.1020643e-04   1.3652715e-03  -8.0188703e-03
  -2.2508841e-01   1.0605389e-01   3.1009767e-03   9.5915619e-04   1.6819906e-03  -8.1779686e-03
  -2.4040100e-01   1.0793780e-01  -1.9881320e-02   1.4679579e-03   1.5784205e-03  -8.3068091e-03
  -2.2657363e-01   9.9245385e-02   2.2296218e-03   1.3454332e-03   1.7056546e-03  -7.9807791e-03
  -2.5317189e-01   1.0037483e-01  -2.6648718e-02   2.1209688e-03   1.4167543e-03  -8.2400788e-03
  -2.4665793e-01   1.0160567e-01  -1.3252383e-02   1.8578065e-03   1.5478511e-03  -8.5383965e-03
  -2.5239182e-01   1.0032804e-01  -3.3031892e-02   2.5339766e-03   1.5524131e-03  -8.3270796e-03
  -2.4524577e-01   1.0061085e-01  -1.0954984e-02   2.5320029e-03   1.5410683e-03  -8.3103957e-03
  -2.3411005e-01   9.2711695e-02  -4.3877533e-02   3.3760947e-03   1.6591713e-03  -8.3153749e-03
  -2.4931826e-01   1.1187961e-01  -3.9595308e-02   3.5397576e-03   1.7359478e-03  -8.4107803e-03
  -2.4938096e-01   1.1017840e-01  -8.9957156e-02   4.3004194e-03   1.6101846e-03  -8.4258319e-03
  -2.4883486e-01   1.3009284e-01  -6.5374755e-02   4.3923741e-03   1.4846627e-03  -8.5602277e-03
  -2.5688688e-01   1.1114225e-01  -9.0289790e-02   4.7351628e-03   1.5434600e-03  -8.7130837e-03
  -2.4037038e-01   1.0313271e-01  -4.4568758e-02   4.8373699e-03   1.6091166e-03  -8.3548983e-03
  -2.7097266e-01   1.0226151e-01  -9.4630589e-02   5.1747080e-03   1.6502343e-03  -9.0724957e-03
  -2.5502066e-01   1.1945850e-01  -8.0326607e-02   4.9862250e-03   1.4475214e-03  -8.6873375e-03
  -2.8050123e-01   1.3530225e-01  -1.2020623e-01   5.6653467e-03   1.4782158e-03  -9.0768597e-03
  -2.8524151e-01   1.3860191e-01  -8.8075463e-02   5.4824916e-03   1.7537182e-03  -9.1552321e-03
  -2.6620492e-01   1.1964479e-01  -1.3773714e-01   6.3768322e-03   1.5769115e-03  -8.8372996e-03
  -2.6955066e-01   1.4461388e-01  -1.1606576e-01   6.5759096e-03   1.7300140e-03  -9.0856452e-03
  -2.7323271e-01   1.3602582e-01  -1.6244395e-01   6.5026794e-03   1.5047957e-03  -9.1337512e-03
  -2.2898876e-01   1.3568869e-01   4.3807957e-02   6.1740986e-03   1.7059715e-03  -9.0091314e-03
  -2.2496151e-01   1.5726650e-01   7.2041783e-02   6.4896423e-03   1.8021093e-03  -9.0148865e-03
  -2.7723633e-01   1.5046661e-01  -1.5565859e-01   6.8550106e-03   1.5940302e-03  -9.1606860e-03
  -2.7572451e-01   1.6023056e-01  -1.2559643e-01   7.4683153e-03   2.1480458e-03  -9.3153906e-03
  -2.6298804e-01   1.6246210e-01  -1.3743886e-01   7.3679737e-03   2.0896727e-03  -9.1519779e-03
  -2.7186379e-01   1.5517046e-01  -1.2029763e-01   7.8045812e-03   2.0578488e-03  -9.2751653e-03
  -2.6291887e-01   1.2893663e-01  -1.0461564e-01   7.1738215e-03   1.8214256e-03  -9.1099210e-03
  -2.3728939e-01   1.2414529e-01  -1.4100681e-01   8.1922941e-03   1.6744154e-03  -8.8415022e-03
  -2.5560054e-01   1.3645590e-01  -1.4863868e-01   7.5164290e-03   1.6664231e-03  -9.0373169e-03
  -2.6320851e-01   1.5141774e-01  -1.5966000e-01   7.8748720e-03   1.6631379e-03  -9.0165490e-03
  -2.6876152e-01   1.4754478e-01  -1.3814727e-01   7.7941812e-03   2.3719771e-03  -9.1936227e-03
  -2.9181597e-01   1.3257024e-01  -1.3888185e-01   8.0263482e-03   2.0452326e-03  -9.4484572e-03
  -2.7005476e-01   1.3711037e-01  -1.3522846e-01   7.0571499e-03   2.0439093e-03  -9.2370234e-03
  -2.8489866e-01   1.6142997e-01  -1.8043518e-01   8.5356783e-03   1.9182851e-03  -9.4480607e-03
  -2.7289867e-01   1.7480947e-01  -1.6000866e-01   7.7120983e-03   2.0893019e-03  -9.1196869e-03
  -3.6445874e-01   1.6065535e-01  -2.8261720e-01   1.3201610e-02   2.5401074e-03  -1.1298940e-02
  -4.3728895e-01   1.7878116e-01  -1.5505940e-01   1.1428570e-02   2.2513254e-03  -1.4798305e-02
  -3.9750612e-01   1.8481454e-01  -1.3809220e-01   1.0076450e-02   2.3252810e-03  -1.3788580e-02
  -4.4489285e-01   2.1590372e-01  -2.5055807e-01   1.1952383e-02   2.5793627e-03  -1.4613357e-02
  -4.2556878e-01   2.3498514e-01  -2.3781995e-01   1.2534534e-02   2.3426501e-03  -1.3888916e-02
  -4.6026408e-01   2.1612923e-01  -1.9582473e-01   1.2102823e-02   2.5234667e-03  -1.4405090e-02
  -3.2632443e-01   1.9764684e-01  -2.9652974e-02   1.3655766e-02   2.3201362e-03  -1.2638216e-02
  -4.8258294e-01   2.3606534e-01  -2.4024831e-03   1.4641582e-02   1.1177519e-03  -1.4290451e-02
  -5.9545900e-01   2.3753918e-01  -3.1699774e-01   1.4607075e-02   2.4621228e-04  -1.5820201e-02
  -5.8571034e-01   2.1724586e-01  -3.4853965e-01   1.3892418e-02   6.1360348e-04  -1.5467949e-02
  -5.5527514e-01   2.0064022e-01  -2.2497111e-01   1.1042553e-02   6.1285732e-04  -1.5698600e-02
  -5.3497608e-01   1.9267942e-01  -2.3689584e-01   1.2217913e-02   7.5559273e-04  -1.5830563e-02
  -5.1152594e-01   1.7299761e-01  -1.4944308e-01   1.1252319e-02   8.2170247e-04  -1.5749408e-02
  -4.9485298e-01   1.4732797e-01  -1.6093863e-01   1.2792988e-02   1.1875875e-03  -1.5914453e-02
  -5.1241081e-01   1.3321324e-01  -1.8652744e-01   1.2261331e-02   8.3209585e-04  -1.6097818e-02
  -5.1781360e-01   1.4690482e-01  -2.0951680e-01   1.3073322e-02   1.3380104e-03  -1.5987246e-02
  -5.1786328e-01   1.5600856e-01  -2.5383277e-01   1.3711397e-02   1.4245820e-03  -1.5814454e-02
  -5.4556764e-01   1.7384310e-01  -2.7658267e-01   1.4034707e-02   1.3986065e-03  -1.6417944e-02
  -5.6635375e-01   1.8021799e-01  -2.5689826e-01   1.2559180e-02   1.4965207e-03  -1.6628565e-02
  -5.6921414e-01   2.0055527e-01  -3.0676138e-01   1.3316721e-02   1.2581676e-03  -1.6964148e-02
  -5.4832517e-01   2.4953289e-01  -3.1070012e-01   1.3542135e-02   9.6172215e-04  -1.6429250e-02
  -5.5359475e-01   2.6793752e-01  -3.0332700e-01   1.3715471e-02   1.2693999e-03  -1.6923017e-02
  -5.4367966e-01   2.4529857e-01  -3.3029237e-01   1.3870183e-02   1.5008569e-03  -1.6737441e-02
  -5.1919376e-01   2.2056989e-01  -2.7373400e-01   1.4368693e-02   1.6426046e-03  -1.6916131e-02
  -5.0084810e-01   1.9333823e-01  -2.8364385e-01   1.4347487e-02   1.5890471e-03  -1.6376139e-02
  -5.0384169e-01   2.1430090e-01  -3.0190412e-01   1.4474913e-02   1.4940811e-03  -1.6935476e-02
  -5.0678439e-01   2.4192594e-01  -3.6156359e-01   1.4410930e-02   1.3791374e-03  -1.6529717e-02
  -5.3128684e-01   2.4747846e-01  -3.2938327e-01   1.4765724e-02   1.4612153e-03  -1.6925115e-02
  -5.1027745e-01   2.2263404e-01  -3.0998593e-01   1.5187566e-02   1.5884407e-03  -1.6097396e-02
  -5.4682011e-01   2.3263259e-01  -2.6657503e-01   1.4924182e-02   1.5069268e-03  -1.6786764e-02
  -5.3136486e-01   2.1996424e-01  -2.8044282e-01   1.4297739e-02   1.2576252e-03  -1.6211748e-02
  -5.2320284e-01   2.1511963e-01  -2.5122251e-01   1.4298484e-02   1.3460896e-03  -1.6532398e-02
  -5.5177884e-01   2.0890845e-01  -5.2178562e-01   1.7023107e-02   2.1355185e-03  -1.6621961e-02
  -5.2900257e-01   2.7956510e-01  -6.6562798e-02   1.7110989e-02   2.1070346e-03  -1.7187078e-02
  -5.4181372e-01   2.5786826e-01  -1.5848052e-01   1.5359155e-02   1.3461206e-03  -1.6827025e-02
  -5.7228066e-01   2.5757969e-01  -2.6079198e-01   1.6912727e-02   1.5701065e-03  -1.7411875e-02
  -5.3977729e-01   2.5569544e-01  -3.0032561e-01   1.5934598e-02   1.1823359e-03  -1.6938598e-02
  -5.8412968e-01   2.6379697e-01  -4.8635282e-01   1.6757189e-02   1.2515488e-03  -1.7619113e-02
  -5.5535696e-01   2.4844443e-01  -4.3080506e-01   1.5476662e-02   7.5656024e-04  -1.7168800e-02
  -5.6091374e-01   2.5347061e-01  -4.5951681e-01   1.6558623e-02   1.2064656e-03  -1.7820618e-02
  -5.4650014e-01   2.2609527e-01  -4.3682706e-01   1.6125091e-02   6.6308058e-04  -1.7417960e-02
  -5.5344012e-01   2.2966837e-01  -4.4734318e-01   1.7060794e-02   1.0588661e-03  -1.7549163e-02
  -5.2789357e-01   2.1987667e-01  -6.4729242e-01   2.0559704e-02  -7.5446039e-04  -1.6403638e-02
  -6.3454857e-01   2.3373966e-01  -9.9797260e-01   2.3836780e-02  -5.3126232e-04  -2.0446733e-02
  -5.5430348e-01   1.2035023e-01  -2.4923607e-01   6.0277298e-04   4.9926586e-04  -1.6668122e-02
  -4.2216044e-01   1.3857679e-01  -1.1278727e-01  -4.1176555e-03  -9.7043699e-04  -1.2816035e-02
  -4.1740181e-01   1.3695244e-01  -8.6990213e-02  -1.9167086e-03   2.4228851e-04  -1.4041670e-02
  -3.9877118e-01   1.0379960e-01  -1.2785436e-01  -1.0769897e-03  -2.6864380e-04  -1.3306779e-02
  -4.2055720e-01   8.6512009e-02  -1.1831808e-01  -1.0361243e-03  -1.5503547e-04  -1.3988792e-02
  -4.0173491e-01   9.7635734e-02  -2.1871270e-01   6.1079995e-04  -3.3626135e-04  -1.4143548e-02
  -3.9373498e-01   1.1711433e-01  -1.8000136e-01  -2.1085697e-03  -1.0106353e-03  -1.3412233e-02
  -3.1384837e-01   1.0984912e-01  -7.7687808e-02  -8.2042698e-03  -3.0194866e-03  -1.1082346e-02
  -3.4848938e-01   1.1109063e-01  -1.1380990e-01  -4.3269409e-03  -1.5605546e-03  -1.2531018e-02
  -3.2536179e-01   7.7466094e-02  -1.0143602e-01  -3.4647069e-03  -1.5934970e-03  -1.1731144e-02
  -3.3989182e-01   8.1435121e-02  -8.8003250e-02  -2.7709487e-03  -1.2573421e-03  -1.2141035e-02
  -3.4046754e-01   8.2592246e-02  -1.1977428e-01  -2.4777042e-03  -1.3315615e-03  -1.2034929e-02
  -3.5684638e-01   1.0454892e-01  -1.4143827e-01  -1.4472286e-03  -1.0022189e-03  -1.2598734e-02
  -3.4257664e-01   1.0078317e-01  -1.5949726e-01  -1.1332058e-03  -1.2218342e-03  -1.2452461e-02
  -3.6658666e-01   1.0904062e-01  -1.7489532e-01  -1.0314743e-03  -1.1616308e-03  -1.3192355e-02
  -3.6675457e-01   1.2099787e-01  -2.0300361e-01  -3.0389469e-04  -1.0222192e-03  -1.2853625e-02
  -3.6274315e-01   1.2952219e-01  -2.1859707e-01   4.2543638e-04  -5.3782811e-04  -1.2977026e-02
  -3.4503212e-01   1.0903201e-01  -2.3338919e-01   9.2315798e-04  -8.0654771e-04  -1.2959686e-02
  -3.4261544e-01   1.1870869e-01  -2.3572227e-01   1.0766929e-03  -7.2700919e-04  -1.2785657e-02
  -3.7085742e-01   1.1793178e-01  -2.2198799e-01   1.3112374e-03  -7.4211670e-04  -1.2856031e-02
  -3.7481592e-01   1.2438447e-01  -2.4186628e-01   1.5881828e-03  -2.9745011e-04  -1.2993067e-02
  -3.7753367e-01   1.3053708e-01  -2.3004961e-01   1.8951144e-03  -3.7564118e-04  -1.3069075e-02
  -3.8292096e-01   1.2185908e-01  -2.4784157e-01   2.1303255e-03  -4.1871972e-05  -1.3547148e-02
  -3.6911010e-01   1.2693378e-01  -2.7441470e-01   2.5515623e-03  -4.4831402e-04  -1.3216797e-02
  -3.8015909e-01   1.4111198e-01  -2.8098748e-01   2.4108133e-03  -3.5816277e-04  -1.3330942e-02
  -3.7159195e-01   1.3714192e-01  -2.7523312e-01   3.0041603e-03  -2.9914980e-04  -1.3619850e-02
  -3.7202320e-01   1.4929833e-01  -3.0035968e-01   3.5590784e-03  -3.6360100e-04  -1.3593165e-02
  -3.7220260e-01   1.1798680e-01  -3.1433340e-01   4.2339008e-03  -2.3729539e-04  -1.3268498e-02
  -3.6278061e-01   1.2657119e-01  -3.3458519e-01   4.3142909e-03  -3.9236747e-04  -1.3457989e-02
  -3.5717244e-01   1.3000298e-01  -3.3215817e-01   4.2440420e-03  -4.9212095e-04  -1.3558271e-02
  -3.5189567e-01   1.2315240e-01  -3.0658451e-01   4.0184035e-03  -3.1506890e-04  -1.3613471e-02
  -3.6317082e-01   1.2548400e-01  -3.3679465e-01   4.3263285e-03  -6.4976643e-05  -1.3533564e-02
  -3.8092383e-01   1.1714062e-01  -2.9500643e-01   3.5499905e-03   8.7546379e-05  -1.3633345e-02
  -3.8837151e-01   1.2896005e-01  -3.3132452e-01   4.5207512e-03   2.3880433e-04  -1.3595198e-02
  -3.8718658e-01   1.3969501e-01  -3.1005091e-01   4.4784686e-03   1.1620926e-04  -1.3764762e-02
  -3.5840077e-01   1.4280517e-01  -3.5775482e-01   6.4137371e-03  -6.5023490e-04  -1.3178263e-02
  -3.7412888e-01   1.4199627e-01  -3.7051647e-01   5.9960895e-03  -5.0438929e-04  -1.3555491e-02
  -3.6531829e-01   1.4898026e-01  -4.0085386e-01   7.7725544e-03  -8.4665120e-04  -1.3700104e-02
  -3.6596909e-01   1.9345502e-01  -1.9087299e-01   8.2581893e-03  -7.9851232e-04  -1.3865539e-02
  -4.0540600e-01   1.9514010e-01  -1.7688570e-01   3.7539444e-03   9.8904613e-06  -1.4333856e-02
  -4.2490275e-01   2.1971003e-01  -3.2018492e-01   6.7026567e-03  -1.1756321e-04  -1.4821260e-02
  -4.1828219e-01   2.1217755e-01  -2.7839577e-01   6.2870672e-03  -1.7837708e-04  -1.4704513e-02
  -4.3654223e-01   1.9221806e-01  -2.7202855e-01   6.7336666e-03  -4.0731026e-04  -1.4897059e-02
  -4.1883086e-01   1.5204922e-01  -2.5371273e-01   6.9476425e-03  -4.1143847e-04  -1.4418415e-02
  -4.1011985e-01   1.4519520e-01  -2.2475812e-01   6.7313375e-03  -2.1282488e-04  -1.4917555e-02
  -3.9291010e-01   1.3787769e-01  -2.8185901e-01   7.5140367e-03  -4.2887903e-04  -1.4257738e-02
  -4.2632183e-01   1.6727017e-01  -2.5366892e-01   7.2504201e-03  -3.4925876e-04  -1.4964504e-02
  -4.2422416e-01   1.6002190e-01  -2.6154117e-01   7.0287227e-03  -3.9980668e-04  -1.4803838e-02
  -4.3696507e-01   1.8130288e-01  -2.4097183e-01   7.0517401e-03  -9.9362772e-05  -1.4961104e-02
  -4.3868312e-01   1.9957722e-01  -2.8781829e-01   7.1465278e-03   9.1467565e-05  -1.5020006e-02
  -4.2683266e-01   2.0961271e-01  -2.6034660e-01   7.1336880e-03   1.2413074e-04  -1.5048329e-02
  -4.2213902e-01   1.7280237e-01  -2.4263921e-01   7.1245079e-03   8.9628362e-05  -1.4791788e-02
  -4.2099175e-01   1.5167089e-01  -1.9897206e-01   7.1360160e-03  -1.0262811e-04  -1.5022532e-02
  -4.0550228e-01   1.4044184e-01  -2.1560200e-01   7.2129288e-03  -1.6111272e-04  -1.4440210e-02
  -4.0158199e-01   1.6084843e-01  -2.3608204e-01   7.3785746e-03  -4.6063946e-05  -1.4924759e-02
  -4.0834502e-01   1.9544668e-01  -2.9088498e-01   7.7484920e-03   1.4215868e-05  -1.4983815e-02
  -4.0961256e-01   2.0462130e-01  -2.4706180e-01   7.1767329e-03  -1.4907540e-04  -1.4971327e-02
  -3.9887999e-01   1.9081152e-01  -2.6212193e-01   7.3487442e-03  -2.9869749e-04  -1.4947205e-02
  -3.9552262e-01   1.7417770e-01  -2.4353917e-01   7.1356837e-03  -4.1929648e-04  -1.4773729e-02
  -4.2482113e-01   1.8028698e-01  -2.8885283e-01   7.1891943e-03  -3.9393132e-04  -1.5009261e-02
  -4.4238609e-01   1.9550639e-01  -2.7707497e-01   7.4606899e-03   4.2885891e-05  -1.5270965e-02
  -4.5207038e-01   1.9465625e-01  -2.2863569e-01   7.2643434e-03   3.9260538e-04  -1.5496122e-02
  -4.6822117e-01   1.6925334e-01  -4.2206880e-01   7.9033297e-03   1.0851425e-04  -1.5509414e-02
  -4.3221633e-01   1.7227309e-01  -4.1977968e-01   8.4194825e-03   6.6829862e-05  -1.5452962e-02
  -4.3679860e-01   1.6129301e-01  -4.2906828e-01   8.4848084e-03  -3.3608453e-04  -1.5423605e-02
  -4.2857934e-01   1.6400445e-01  -4.0670014e-01   8.5988712e-03  -2.1394235e-04  -1.5200868e-02
  -4.5799919e-01   1.6742542e-01  -4.1984109e-01   8.3849824e-03   3.1338737e-04  -1.5631838e-02
  -4.4083598e-01   1.6334619e-01  -4.4034894e-01   8.7754267e-03   3.1987290e-04  -1.5435324e-02
  -4.3578441e-01   1.8562953e-01  -4.4898947e-01   8.8628892e-03   3.4819962e-04  -1.5530162e-02
  -4.2878739e-01   1.8257379e-01  -4.3446902e-01   8.7285614e-03   1.8893041e-04  -1.5578160e-02
  -4.4029074e-01   1.8369028e-01  -4.3210859e-01   8.7383400e-03   9.3688576e-05  -1.5291765e-02
  -4.4760541e-01   1.7783147e-01  -4.3989885e-01   8.9363810e-03   5.1281579e-04  -1.5480504e-02
  -4.3899230e-01   1.7705234e-01  -4.1034389e-01   8.7696852e-03   2.4769800e-04  -1.5544567e-02
  -4.5208926e-01   1.5738291e-01  -4.2385921e-01   9.1492721e-03   3.0879494e-04  -1.5539751e-02
  -4.5290044e-01   1.6060441e-01  -4.4258995e-01   8.8008800e-03   3.7703321e-04  -1.5494703e-02
  -4.4721765e-01   1.5744328e-01  -4.3535497e-01   9.5685809e-03   3.7233916e-04  -1.5796579e-02
  -4.5278947e-01   1.5473480e-01  -4.6357683e-01   9.0899487e-03   3.1625485e-04  -1.5778543e-02
  -4.3824908e-01   1.5056752e-01  -4.3883201e-01   9.6522910e-03   3.7408600e-04  -1.5814098e-02
  -4.3557871e-01   1.4433203e-01  -4.4028137e-01   8.6972119e-03   3.9430963e-04  -1.5234147e-02
  -4.4351765e-01   1.5640845e-01  -4.9210916e-01   1.0361444e-02   4.2799702e-04  -1.5476929e-02
  -3.9942437e-01   4.5312423e-03   7.3969756e-02  -1.2675782e-02   2.5892377e-03  -1.3154645e-02
  -3.7646835e-01   6.8841000e-02   9.5906695e-02  -1.5069208e-02   2.8188484e-03  -1.3749791e-02
  -3.9564212e-01   7.6845803e-02  -6.8161312e-02  -8.4474560e-03   2.3801646e-03  -1.4725963e-02
  -3.9033485e-01   1.0039904e-01  -1.0348428e-01  -7.2057722e-03   2.2893906e-03  -1.4880342e-02
  -4.2513254e-01   1.0032132e-01  -1.5379405e-01  -5.4754678e-03   2.3955834e-03  -1.5772331e-02
  -4.2321838e-01   9.9873180e-02  -1.6343865e-01  -5.8108642e-03   2.2109001e-03  -1.5638643e-02
  -4.4916654e-01   8.8789077e-02  -2.2667717e-01  -4.6378447e-03   2.0258404e-03  -1.6086992e-02
  -4.4901150e-01   9.3417257e-02  -2.4622367e-01  -4.1861017e-03   1.9347561e-03  -1.6044233e-02
  -4.4951962e-01   1.0741743e-01  -2.1429009e-01  -3.4853310e-03   1.8460469e-03  -1.6196275e-02
  -4.4800544e-01   1.0664554e-01  -2.5633350e-01  -3.7267847e-03   1.6443933e-03  -1.5915988e-02
  -4.4145921e-01   1.0488713e-01  -2.5184568e-01  -3.2604997e-03   1.7364115e-03  -1.5903609e-02
  -4.4495847e-01   1.0771560e-01  -2.7638766e-01  -2.4181005e-03   1.6706552e-03  -1.6432229e-02
  -4.4485512e-01   9.9516803e-02  -2.3107343e-01  -2.3222422e-03   1.8322703e-03  -1.6028505e-02
  -4.6155389e-01   1.0345485e-01  -6.5983626e-01   6.2419169e-03   3.8717540e-04  -1.6428232e-02
  -4.8753178e-01   1.0712380e-01  -4.8456124e-01   1.3953117e-03   3.8675829e-04  -1.7859435e-02
  -4.8878621e-01   1.2359021e-01  -3.6142466e-01   4.9163191e-04   1.2299201e-03  -1.7633669e-02
  -4.9591119e-01   1.4702461e-01  -4.8179593e-01   2.9524053e-03   9.3513552e-04  -1.8139122e-02
  -4.9863824e-01   1.3991878e-01  -4.2689256e-01   2.3329470e-03   1.3420170e-03  -1.7684504e-02
  -5.0786914e-01   1.1341870e-01  -4.1868901e-01   2.7112250e-03   1.2369416e-03  -1.7907216e-02
  -5.0432799e-01   8.9486388e-02  -4.0180303e-01   2.6542160e-03   1.3599911e-03  -1.7973811e-02
  -4.9911242e-01   1.0618281e-01  -4.5203768e-01   2.9761530e-03   1.3900425e-03  -1.7755990e-02
  -5.0860057e-01   1.4046798e-01  -4.5887513e-01   2.6979805e-03   1.3706202e-03  -1.7935770e-02
  -5.3792040e-01   1.5686705e-01  -4.7790745e-01   3.3534490e-03   1.2119944e-03  -1.8251656e-02
  -5.3441761e-01   1.4296298e-01  -4.6429059e-01   3.0687392e-03   1.4907993e-03  -1.7973063e-02
